3 0.223359 0.498772 0.150805 0.194481
3 0.511696 0.457466 0.069133 0.090889
5 0.468364 0.408453 0.026379 0.041843
6 0.542517 0.416341 0.01246 0.033859
1 0.518754 0.416103 0.00445 0.022309
0 0.556583 0.418147 0.00641 0.021652
1 0.565686 0.422022 0.005385 0.013447
0 0.51018 0.407427 0.012838 0.009571
1 0.668439 0.417095 0.013282 0.064702
8 0.615802 0.442465 0.011993 0.04293
5 0.408286 0.398924 0.065884 0.132254
7 0.529702 0.415845 0.013824 0.028562
1 0.561134 0.420654 0.004487 0.012536
7 0.484839 0.433233 0.040232 0.086527
