9 0.03270571943403125 0.8692568369222223 0.06193272824339583 0.2614863261555555
3 0.16005667632421877 0.46140552569768517 0.0479743726640625 0.048111051787962926
1 0.2124970663658854 0.44939210916157407 0.008186510054687506 0.04005557181203706
3 0.23481125860104166 0.44966476813703704 0.04465306994166666 0.0425738443296296
3 0.029940634430908854 0.48688641708379626 0.058538169555890626 0.08225755519537035
8 0.6164805488281251 0.4435490140851852 0.010945008010416639 0.04772717982592593
0 0.30483773026979166 0.44309673710833336 0.00944304535520833 0.022363717485185192
3 0.4832457297309896 0.46837244653796295 0.06054529845156254 0.08360826054444444
0 0.4960983980520833 0.42633542508148153 0.005250044491666668 0.007593284688888905
7 0.2888643889296875 0.4501634052981482 0.027271409986458293 0.03359887437222224
