3 0.034068 0.477579 0.066151 0.074315
3 0.822808 0.570859 0.252887 0.287306
1 0.090732 0.456261 0.005991 0.02716
1 0.100945 0.456804 0.005608 0.026074
3 0.12632 0.459097 0.043862 0.040792
1 0.081454 0.455462 0.005641 0.028718
3 0.588924 0.461185 0.060444 0.082164
7 0.920867 0.415101 0.041088 0.047181
3 0.924553 0.437508 0.061398 0.059191
3 0.733473 0.467068 0.108087 0.127659
0 0.332791 0.447033 0.066921 0.063682
7 0.254158 0.463595 0.093483 0.14144
5 0.49016 0.413122 0.139183 0.337277
3 0.412541 0.444045 0.008448 0.012368
5 0.636121 0.419887 0.053628 0.113874
3 0.320965 0.499339 0.091596 0.13271
5 0.983452 0.429239 0.032798 0.064668
5 0.385001 0.42843 0.031749 0.054392
7 0.878971 0.426928 0.07883 0.143806
