0 0.513236 0.412918 0.011024 0.012355
1 0.993056 0.428789 0.012821 0.14907
3 0.030182 0.449772 0.060363 0.080513
1 0.542852 0.414878 0.006111 0.02224
3 0.522302 0.415477 0.009107 0.01342
1 0.5374 0.417608 0.003595 0.018533
2 0.61338 0.432641 0.016151 0.060516
4 0.505406 0.408128 0.008388 0.018746
6 0.573301 0.448852 0.036376 0.098593
4 0.42403 0.411337 0.01148 0.019939
4 0.480614 0.407145 0.00719 0.017894
0 0.492401 0.407445 0.016875 0.014379
3 0.48631 0.41428 0.00709 0.012781
0 0.394995 0.41615 0.012078 0.008691
1 0.532007 0.416543 0.005991 0.02322
