0 0.829196 0.404152 0.02061 0.015338
3 0.692639 0.431352 0.055906 0.043559
6 0.748843 0.427446 0.023006 0.040261
6 0.800287 0.424811 0.038464 0.044309
2 0.581181 0.424716 0.006143 0.021684
0 0.947459 0.404308 0.101262 0.030037
1 0.24652 0.429363 0.004452 0.0239
1 0.219128 0.424519 0.005876 0.020893
1 0.234664 0.431958 0.005075 0.025958
1 0.112794 0.430265 0.006677 0.034346
8 0.070622 0.433523 0.013889 0.040817
2 0.151285 0.435927 0.010862 0.03403
1 0.026576 0.418 0.006499 0.034346
6 0.198693 0.431707 0.016649 0.041469
3 0.159446 0.436156 0.024231 0.032137
2 0.618522 0.426859 0.008636 0.025483
5 0.556248 0.421558 0.025214 0.037417
5 0.323525 0.407761 0.035692 0.083419
7 0.605367 0.422674 0.021429 0.030231
3 0.317959 0.434377 0.023077 0.034568
3 0.261508 0.434773 0.03 0.04212
3 0.351359 0.431233 0.027692 0.04212
3 0.440172 0.428888 0.028639 0.044617
3 0.510676 0.424947 0.019498 0.027857
3 0.531634 0.427963 0.024444 0.030462
0 0.356997 0.40635 0.024038 0.012346
1 0.008472 0.427861 0.007123 0.03862
1 0.275174 0.431628 0.006624 0.044255
3 0.174454 0.435327 0.023077 0.031681
0 0.368429 0.429775 0.013675 0.037227
2 0.649057 0.427742 0.008102 0.028173
1 0.241653 0.430613 0.00463 0.026432
2 0.136239 0.433839 0.010328 0.038303
0 0.292441 0.426121 0.010061 0.023425
5 0.375548 0.416093 0.015897 0.040798
1 0.228699 0.431879 0.005609 0.029281
7 0.46624 0.423495 0.017842 0.030389
1 0.587947 0.425587 0.004541 0.023742
3 0.477291 0.425697 0.014423 0.021526
1 0.117483 0.432665 0.00739 0.037037
3 0.278973 0.434692 0.025256 0.035328
0 0.41934 0.427852 0.015231 0.039111
3 0.305539 0.433886 0.028462 0.040479
8 0.04605 0.431893 0.019587 0.042577
3 0.396634 0.431936 0.031026 0.041213
0 0.226073 0.430645 0.040615 0.030632
3 0.488036 0.423778 0.013266 0.019626
1 0.09383 0.431219 0.009188 0.039886
