3 0.472081 0.412808 0.009442 0.012273
3 0.489701 0.41545 0.012821 0.019943
3 0.483012 0.418163 0.018635 0.022101
5 0.083493 0.417066 0.075853 0.099821
7 0.52865 0.423213 0.038132 0.046319
0 0.252922 0.419352 0.01668 0.020764
3 0.462225 0.419631 0.013804 0.019325
0 0.455094 0.404625 0.013418 0.011375
4 0.466165 0.398336 0.006957 0.015018
4 0.502596 0.404502 0.011906 0.02362
3 0.314257 0.492367 0.116451 0.144632
3 0.399664 0.412566 0.008903 0.012883
0 0.487706 0.400741 0.017094 0.012126
3 0.430995 0.40825 0.006054 0.008705
3 0.424274 0.409278 0.006499 0.011079
3 0.510367 0.514899 0.130235 0.190142
