3 0.886432 0.40399 0.050557 0.041718
0 0.486794 0.416058 0.011216 0.018405
4 0.426124 0.41625 0.009972 0.019943
0 0.406225 0.420682 0.018073 0.010446
3 0.423364 0.422661 0.008547 0.012821
3 0.052261 0.463595 0.08303 0.07767
3 0.469825 0.420529 0.029113 0.021368
3 0.506602 0.420349 0.032229 0.021526
0 0.009184 0.450396 0.018368 0.031149
6 0.509896 0.420996 0.009259 0.026749
8 0.533089 0.420521 0.010417 0.020734
3 0.44063 0.423298 0.026175 0.017411
7 0.044704 0.447767 0.069572 0.090185
6 0.524987 0.423291 0.009882 0.022792
2 0.538698 0.423528 0.005787 0.0239
