1 0.409296 0.43645 0.008462 0.034188
8 0.329137 0.439226 0.006766 0.026432
3 0.40004 0.437895 0.017538 0.027569
3 0.391917 0.435925 0.020123 0.032164
3 0.385179 0.441833 0.024369 0.030195
3 0.404546 0.640998 0.2735 0.37936
8 0.247504 0.449206 0.011667 0.040342
3 0.603387 0.480078 0.077821 0.104954
3 0.759337 0.546651 0.213963 0.275257
1 0.644888 0.426705 0.005752 0.027267
3 0.420902 0.439536 0.022338 0.029538
2 0.313819 0.451413 0.027949 0.041254
1 0.617089 0.42319 0.004553 0.024924
8 0.234753 0.448926 0.010061 0.040994
3 0.590892 0.455161 0.061772 0.090492
8 0.150668 0.454075 0.022867 0.041895
3 0.49707 0.485797 0.106094 0.171841
8 0.370724 0.440676 0.004808 0.020893
0 0.471201 0.497835 0.117644 0.15724
8 0.223166 0.448883 0.013948 0.0386
8 0.185317 0.450436 0.011683 0.045622
4 0.873748 0.437531 0.251435 0.313922
1 0.621822 0.415201 0.005152 0.025137
9 0.23992 0.458411 0.004719 0.017411
3 0.652497 0.417012 0.014259 0.018107
3 0.667343 0.496245 0.102568 0.159551
4 0.735088 0.433452 0.144338 0.194005
2 0.348754 0.438571 0.006499 0.024533
3 0.562473 0.449011 0.041268 0.069512
3 0.899471 0.659137 0.199989 0.547315
8 0.357337 0.444006 0.02165 0.041481
