3 0.8203467486458335 0.40958419096620374 0.04174298142708335 0.02782865428240737
3 0.5607389079807292 0.46277136442731487 0.14103164438229174 0.11449503476203707
1 0.6380669036406251 0.41289955359537034 0.004615384614583344 0.021333333333333353
1 0.550285419330729 0.4162362077087963 0.01089969230729165 0.03875446153796294
1 0.47798108033854164 0.4153403566402778 0.0037944737197916465 0.015266654497222231
6 0.7502333452057292 0.4270646646949074 0.02003012959895827 0.03938461538425926
5 0.3225807571080729 0.4084306146087963 0.03433719123385419 0.08220986935277778
1 0.16232472908333334 0.4310161153486111 0.004745089240625007 0.028374675056481478
6 0.14144277601796873 0.43290857836064817 0.019267938129687485 0.04013354940462964
1 0.1021160515518229 0.42306691178703704 0.005607832739062498 0.032209090605555574
1 0.09370430244296875 0.4293297905157408 0.005751623322395834 0.03195346290185184
2 0.05183280674768229 0.45228249973611107 0.055458532462968745 0.09032386075740738
3 0.9163341826276041 0.42737139944861113 0.07185756088020827 0.0699691879101852
3 0.3070046601432292 0.4339268322013889 0.0265724997489583 0.03619688277499999
3 0.35141139522213544 0.4317647699875 0.02950582764322919 0.04079818143240743
3 0.4504426155203125 0.4321925067106481 0.05673401245104165 0.04969402550462963
3 0.06764897306447916 0.4414362963240741 0.089697716035625 0.06360835264629627
3 0.8554769249453126 0.439133482850463 0.12666013220312505 0.08548962595648144
2 0.1169983768984375 0.434058903025463 0.01121566547812501 0.03629913385648146
1 0.4949366992234375 0.41882141222037034 0.002396509717708343 0.013668981351851845
1 0.11261276411536458 0.4303523013287037 0.006758157403645833 0.03195346290185184
3 0.5253484075403646 0.42001789188703703 0.009921550231770836 0.014315151379629597
2 0.24074961410598958 0.4529185832625 0.056889720397395836 0.08777952665092596
3 0.37406411262812506 0.41938681796851857 0.008771225566666688 0.01354826827037038
3 0.025682735228057293 0.4366778985111111 0.050297094387739584 0.05671744777592591
0 0.42411090589713535 0.4264751165055556 0.014701149211979174 0.03607418147777779
3 0.31787522822239583 0.4339268322013889 0.021741136158333358 0.033129350336111134
3 0.26881124542968754 0.4341792659435186 0.07603185902187501 0.05212351119629633
3 0.24539266668802082 0.43781931393009266 0.09861322176354165 0.057777586986111115
0 0.38443850886927083 0.4129288932574074 0.02256936991666668 0.021350025772222198
3 0.3984191825703125 0.4324685846300926 0.028125438045833326 0.038957661969444474
2 0.15118095889635416 0.43508059582962966 0.00914508108229167 0.032822597092592574
3 0.20812652985729163 0.4414221611342593 0.12016015366979167 0.06784890948888887
0 0.3664451304677083 0.42595977105601857 0.01217503624895831 0.043289017773148135
3 0.68201694728125 0.4390698744976852 0.13524725981250008 0.09604861249537043
