0 0.89565740390625 0.4238383432763889 0.016392126468749997 0.049591774423148105
5 0.5865260571328124 0.4015427038916667 0.029487179484374928 0.026894586894444482
4 0.37917686272343754 0.39176238399861113 0.03507834757812501 0.03118075340277779
3 0.3740130450596354 0.398410057312963 0.01887464387447917 0.01725229502962959
0 0.4355390254585938 0.39890123614166667 0.007300569800520821 0.012820512820370365
0 0.45512592004531255 0.40159196105462963 0.012286324786458339 0.013453624564814854
4 0.45583817075755206 0.3929658135398148 0.012820512820312461 0.020259575814814766
5 0.44458116505963546 0.40085674104861113 0.012197293447395847 0.02073440962314816
3 0.42481976904817703 0.40070162867083337 0.008101851851562536 0.01361190250092595
3 0.46761874684114585 0.4272185636819445 0.034629565419791675 0.053468794587963
