3 0.7074615681380209 0.5241491095398149 0.09840848238020843 0.11541099504074069
3 0.6040086714166667 0.4844724462055556 0.041204629479166616 0.05705610335740743
0 0.010683760683760417 0.5280151946819445 0.020299145299145834 0.08736942070277784
3 0.919901471984375 0.6533713200379629 0.16019705603124995 0.34567901234629633
3 0.12201620214635417 0.5033963298245371 0.06380712874791666 0.08640134567685186
3 0.824222459640625 0.5777144666032408 0.1721272554583333 0.20839928247314818
3 0.057516992895052084 0.5169577222046297 0.08281453343177084 0.0880464985407408
3 0.4862933434481771 0.48803565436574076 0.044605180909895854 0.06309743807592597
3 0.6528083985729167 0.5099165568782408 0.05859753840625004 0.08760872644537038
1 0.5121506825184896 0.4801633777013889 0.013238488394270812 0.047070180958333305
0 0.1795341095971354 0.4791364238634259 0.10249672759010417 0.03815890989722219
0 0.6839382216692708 0.4871025382236111 0.2205829090260417 0.09131768142870367
0 0.47795348116328124 0.46629221458611114 0.03850506197760417 0.03740171135555549
3 0.6234721647395833 0.4951474590921296 0.04948696706250004 0.06883542792129627
3 0.6414862489869791 0.4993806538574075 0.05694107089062494 0.07803802523703701
7 0.5455925016197917 0.4660123420828704 0.029357244041666716 0.03834415548240742
3 0.555980813015625 0.5141938463666667 0.07012820879166667 0.1011372807074074
