3 0.971767 0.74909 0.056466 0.289411
6 0.697936 0.443288 0.034546 0.058763
4 0.313755 0.433815 0.03104 0.051209
4 0.283158 0.431163 0.042529 0.061331
0 0.723921 0.445014 0.013351 0.048337
3 0.667719 0.440684 0.020379 0.03137
4 0.115541 0.478949 0.131027 0.222234
3 0.164868 0.555763 0.247268 0.327047
4 0.259131 0.438477 0.033768 0.066581
1 0.810872 0.435382 0.006462 0.03137
1 0.363297 0.438976 0.003472 0.025008
3 0.323121 0.447763 0.025267 0.030192
3 0.482915 0.480856 0.06151 0.097621
1 0.807908 0.440866 0.0073 0.03747
2 0.862454 0.449865 0.025001 0.064756
4 0.333822 0.432413 0.024395 0.04416
3 0.746717 0.449663 0.047721 0.050633
3 0.679897 0.442231 0.022865 0.03623
3 0.27698 0.451741 0.032453 0.036511
3 0.411314 0.4403 0.018985 0.023319
6 0.703776 0.449032 0.0338 0.065833
3 0.568442 0.561801 0.230472 0.343485
