0 0.4977857761044271 0.4144540074314815 0.0545100733328125 0.03268762566481485
4 0.20049747634635415 0.36617515016861113 0.3860376877354167 0.6045320737535186
3 0.5399490204244792 0.4290309215791667 0.02584089326562502 0.04240556843055556
3 0.5480242995677083 0.4387488643453704 0.03254958670833332 0.05654075790740742
5 0.45970494501328124 0.4168397214356481 0.01838678943697918 0.03887177106203705
3 0.5213137608601562 0.4239510878615741 0.02236231147760416 0.02959555296759262
4 0.6176798057499999 0.4015396640925926 0.15528389089583333 0.20825374656296297
4 0.4256129661872396 0.4179726961365741 0.04641421982135417 0.09414036191574074
7 0.3892815095375 0.43564236029351855 0.06649060612500002 0.13531253690370376
3 0.4881623085825521 0.44023493950277776 0.03996227884322915 0.059264726712963
0 0.4528720165065104 0.4300914615699074 0.013168916758854187 0.04858971382685185
3 0.6135581905898437 0.5413658517412038 0.1917791832265625 0.24154211778055557
