5 0.926645 0.403249 0.146104 0.308201
0 0.63729 0.408369 0.048899 0.116085
5 0.721272 0.408725 0.122276 0.130801
1 0.636802 0.437349 0.018256 0.080657
0 0.508161 0.405461 0.022288 0.015432
3 0.493585 0.409765 0.009351 0.013615
2 0.276791 0.430112 0.008228 0.029067
0 0.225773 0.417107 0.005232 0.009254
5 0.838029 0.403538 0.141066 0.229044
2 0.552374 0.440641 0.021016 0.069147
5 0.286142 0.417478 0.029067 0.049774
6 0.523263 0.412247 0.006946 0.018365
3 0.115342 0.449902 0.058283 0.068184
2 0.514803 0.420004 0.005699 0.02533
2 0.49782 0.431498 0.011096 0.045215
2 0.50946 0.426495 0.009261 0.037362
1 0.059363 0.432182 0.006904 0.034365
0 0.529948 0.402606 0.009525 0.03681
0 0.194494 0.41632 0.016151 0.009718
0 0.136789 0.415286 0.037022 0.019878
5 0.570677 0.399571 0.084134 0.136665
