3 0.11257049043489582 0.44042391202592596 0.045599999999999995 0.04693333333333333
3 0.46818692583098964 0.41410914142731486 0.012553418803645813 0.020417853750925915
1 0.21767681385390625 0.4274742747986111 0.005982905982812496 0.02735042735092595
3 0.30583584804192715 0.42070978477037035 0.013621794871354176 0.020892687559259257
5 0.3434476098653646 0.40663960458657405 0.01290954415989584 0.025007913897222206
3 0.4979202918875 0.44385944985879633 0.05694107089166671 0.0865044147675926
0 0.4624444044635416 0.4057204108162037 0.013176638177083373 0.009021842354629604
3 0.4868533360875 0.4085802778629629 0.010238603988541624 0.014561570116666664
3 0.45634575774010416 0.4180660898287037 0.016648860398958357 0.025482747705555548
4 0.48560689734114587 0.4034362449412037 0.014334045584374995 0.030231085786111105
1 0.24556142923828125 0.4262397068972223 0.005769230769270835 0.02450142450185182
3 0.48485013095937496 0.4260699897972222 0.02617521367499999 0.03846153846111109
3 0.47499533038932296 0.4084117688412037 0.008636039885937485 0.012662234884259268
3 0.5495190633151043 0.4174139118694445 0.028039163692708393 0.043882755718518525
