0 0.19898672921614582 0.41335251192361117 0.007592142785416674 0.008282337584259223
9 0.723251984203125 0.46238556695277777 0.009441864843750026 0.03445452435000004
0 0.43473821522812495 0.41863760935555555 0.011181155738541667 0.04380436322222223
1 0.20295105385572917 0.42591332890694444 0.00503267040729168 0.03834415548240742
1 0.13655575375208334 0.41414023522407406 0.004094037434375005 0.024675174129629603
1 0.13882245252656253 0.4234386929282407 0.005464042156249989 0.0322090906046296
1 0.7784503870937499 0.41494634957222226 0.013113701177083333 0.06472493445370367
4 0.4528865661221354 0.40203408702731486 0.0476234411088542 0.03404961006759261
3 0.45829339789244794 0.41078882092453706 0.016416091566145853 0.02598881649351852
3 0.5460978534088542 0.41154333964583334 0.017973822880208344 0.025562770321296308
0 0.15685033675703122 0.4099475509162037 0.01635761672864584 0.009570701208333313
1 0.6121753111354167 0.40813893148981484 0.005464042156250078 0.02632965343148149
1 0.835976743171875 0.4166261303356482 0.015206371802083396 0.07155939672685184
1 0.6289269140625 0.40686079297361116 0.004457508072916738 0.027863419650925945
4 0.42318748393515626 0.394445011774537 0.03876133989322916 0.06670042534351855
9 0.7051136648958334 0.45818918257685187 0.00894492459375004 0.03577969836296299
7 0.37514298012734376 0.4881282998995371 0.1529171894765625 0.24287040945092597
1 0.7396510126197917 0.42748931793194445 0.012423506375000079 0.09276218094166663
3 0.5202997629908854 0.4328878055087963 0.04410344763281243 0.057792311141666684
3 0.5797696066804687 0.5618463707458334 0.21083115701406244 0.34150369901388894
3 0.47924904695156245 0.40993489178611114 0.015816964136458306 0.023006493288888902
3 0.28476539696875 0.4174768635175926 0.019555519295833317 0.02632965343148149
3 0.17259200225598959 0.4811565598384259 0.1212931774515625 0.13166928997685187
1 0.7544349852083333 0.4190965491800926 0.01316891676041673 0.07597664343796293
1 0.14234532181145831 0.4243333898893519 0.0035947645760416574 0.03144220749537038
7 0.29571924642161457 0.4155590562652778 0.02070584395989581 0.03425411223055556
1 0.5027049861677083 0.41309339294861114 0.004601298658333282 0.023006493289814817
8 0.8408433145520834 0.45524945791435184 0.030770540593750083 0.1329414570305556
1 0.14680282988619792 0.42305525137361116 0.004169926908854146 0.03297597371388887
3 0.08186982822109375 0.43796893547638893 0.03205264645052083 0.03887177106203705
1 0.6187896779583333 0.40813893148981484 0.005176460989583376 0.027352164244444442
7 0.23453255725937497 0.4225162198356482 0.03796071392708334 0.05736285660092593
1 0.10417467363307292 0.4343591084092593 0.008489396023437493 0.04085953208148144
3 0.6476377419531248 0.4199091624703704 0.03375052565625 0.04049142818888888
1 0.62497267303125 0.40609390986388894 0.005176460989583257 0.02888593046296293
3 0.2561526251677083 0.4221471029078704 0.019699309879166668 0.024795887212037036
1 0.07125238173619791 0.42902160196666667 0.006832928506770841 0.04049142818888888
