0 0.559716 0.418389 0.007799 0.030389
3 0.452876 0.443404 0.037985 0.057303
0 0.479185 0.413343 0.010641 0.019601
0 0.513737 0.413457 0.014359 0.021652
0 0.39599 0.4117 0.015224 0.008864
3 0.470333 0.424243 0.013568 0.021462
3 0.536179 0.427629 0.023366 0.030888
0 0.432401 0.411897 0.011129 0.017569
3 0.474882 0.420159 0.011485 0.022792
7 0.527511 0.418979 0.017385 0.030632
3 0.497273 0.464771 0.059384 0.087461
7 0.441616 0.415775 0.009081 0.01836
6 0.603568 0.440543 0.024462 0.065368
3 0.497255 0.421291 0.023077 0.031909
