3 0.137997 0.490333 0.059426 0.067694
3 0.305817 0.483316 0.031282 0.038746
3 0.336905 0.476533 0.028333 0.038746
3 0.186217 0.493473 0.055459 0.053007
3 0.562956 0.460323 0.007212 0.012346
3 0.609158 0.485922 0.031254 0.044735
5 0.667183 0.455902 0.082989 0.191709
3 0.349148 0.477217 0.022051 0.034644
3 0.225787 0.486686 0.042965 0.042945
3 0.571725 0.46341 0.012286 0.020418
1 0.392272 0.48218 0.013592 0.057976
3 0.57591 0.466892 0.012642 0.019152
0 0.413304 0.47037 0.075404 0.039264
3 0.628086 0.500041 0.033992 0.07086
4 0.548871 0.455356 0.021724 0.045426
3 0.761148 0.552374 0.126471 0.169181
10 0.5843 0.49174 0.019498 0.06043
3 0.366507 0.476646 0.020128 0.02735
