1 0.20342439220963543 0.4362917827851852 0.005430911680729178 0.03355492244444444
0 0.27105509021536456 0.4237789622726852 0.01630769230781247 0.03145299145277776
3 0.23694185944609375 0.45290585458009264 0.0398769230765625 0.06432820512870371
1 0.38875740855468743 0.4156906195981481 0.00338319088333332 0.016460905350000027
0 0.4287912888963542 0.42436166233287037 0.005163817663541614 0.017252295030555562
2 0.4352015453067708 0.4223831881319445 0.005163817663541673 0.023741690408333332
2 0.4454401492953125 0.4254696078851852 0.006944444444791624 0.027382082937037026
3 0.41371863932369796 0.4271372242199074 0.018696581196354187 0.025799303576851878
3 0.37383259943776037 0.423101136850463 0.014779202279687513 0.023425134536111142
5 0.30508869060156246 0.49118186721064816 0.1391114672364583 0.21525066535277781
