3 0.923795 0.631633 0.151341 0.326726
9 0.586646 0.480917 0.005292 0.014912
3 0.739256 0.522574 0.126223 0.160346
3 0.674651 0.503286 0.062118 0.091719
3 0.654905 0.495706 0.050729 0.076995
3 0.823701 0.545028 0.180527 0.23164
3 0.562075 0.466555 0.014878 0.022367
5 0.507484 0.456905 0.082158 0.059449
4 0.408317 0.4539 0.03125 0.057455
0 0.191641 0.498809 0.289561 0.098008
3 0.635542 0.488425 0.042179 0.06625
3 0.61595 0.479158 0.04134 0.05496
0 0.553501 0.462553 0.010425 0.02045
3 0.572161 0.464691 0.020071 0.027515
0 0.680238 0.508561 0.031059 0.102333
0 0.438232 0.468092 0.030983 0.021684
9 0.576727 0.474784 0.016975 0.016864
4 0.37826 0.455171 0.040501 0.065185
3 0.302119 0.478568 0.037616 0.050308
