7 0.9610384850078124 0.417457413575 0.05709235463020844 0.062222222222222213
7 0.5120694482921875 0.5354343186046296 0.1850525999364584 0.28929078783333334
0 0.9705096904296875 0.4272877331189815 0.05626870467187501 0.05109086455092593
1 0.8303242713828125 0.4306943572356482 0.011023944703124991 0.04366973263240742
3 0.24650949499270833 0.44250394016388894 0.02839864015416668 0.03791810930925929
0 0.3891184749213541 0.41467876679490745 0.03488520590416666 0.014841948950925934
8 0.6601063109296876 0.44162874831527776 0.013127870619791674 0.06504123613055555
3 0.7663529594296875 0.5252913412134259 0.17770583520312494 0.20142645004537038
0 0.30900644461666665 0.42492178090555555 0.06199999999999998 0.021333333333333353
4 0.03305573935833333 0.44036110527407407 0.06611147871666666 0.1468292806907407
3 0.07907714070911459 0.673252803551389 0.15815428141822918 0.4132812774787037
3 0.26494818539088544 0.4420100173240741 0.036187296735937506 0.05772925630925925
3 0.06389226153083855 0.5167564692972222 0.12654797668623957 0.15266004635
3 0.1801910999283854 0.4482369537893519 0.03519993473281249 0.042025194408333334
3 0.3850891654143229 0.42448037539814815 0.012019230769270806 0.016460905349999975
3 0.4339492136007812 0.4396974446583333 0.02769230769218751 0.05059829059814815
3 0.19876273398098956 0.4595668694731482 0.051433316397395824 0.07641836810925927
4 0.5036548218057292 0.42221270744166667 0.09238153846145837 0.13351384615370374
3 0.36700780870078126 0.4734876993671296 0.0676390902703125 0.1018420769601852
3 0.12126361006302083 0.47059892442916673 0.072304807109375 0.1210325598953704
3 0.42926972642109373 0.43456923953055554 0.021153846153645853 0.03623931623888889
3 0.29973526242864584 0.5071135830060186 0.12485623908020832 0.1505544920842593
3 0.4449748546263021 0.4451675301287037 0.033076923076562535 0.05333333333333336
1 0.5930205515833333 0.43198517948009263 0.007158119656250032 0.03722697056018524
0 0.6297590131223958 0.4154503266782407 0.019551282046874972 0.022412155745370366
3 0.4006427338403646 0.43709379049953706 0.028815632844270845 0.04141168792129627
1 0.6746858930807292 0.4243140352041667 0.007211538463541582 0.02532446976944445
3 0.6185498306197916 0.4633024467046296 0.06740895171875003 0.10075563059074069
1 0.7104320960182291 0.4281906360439815 0.00815777122395834 0.03969161205092588
