0 0.247032 0.429492 0.016565 0.008834
3 0.616086 0.467503 0.07884 0.100183
3 0.285752 0.433909 0.017807 0.019878
3 0.270016 0.437222 0.020706 0.025031
7 0.639579 0.423617 0.046712 0.041964
3 0.222409 0.58361 0.252925 0.29787
0 0.534952 0.435102 0.012672 0.0614
5 0.567566 0.412541 0.055163 0.126845
3 0.582718 0.451665 0.048899 0.083221
3 0.496816 0.490907 0.095532 0.139938
3 0.298726 0.433357 0.020149 0.02908
5 0.444762 0.429119 0.035034 0.052124
8 0.669271 0.428476 0.022611 0.041964
3 0.429371 0.447972 0.04222 0.059156
0 0.495574 0.413217 0.044228 0.021203
3 0.41669 0.451486 0.047706 0.075977
3 0.441035 0.443475 0.03404 0.051682
3 0.349391 0.480781 0.116759 0.16786
