3 0.6137105014270834 0.48692225160879626 0.10047977007291659 0.1469362173564815
3 0.3125 0.48717948717962967 0.11004273504270835 0.1690408357074074
3 0.8504273504270833 0.49952516619212967 0.2991452991458334 0.6913580246916666
1 0.5940837263098958 0.41582037364907404 0.007299058463541641 0.025188907648148195
3 0.44772241439062493 0.41297184574212964 0.02009387860104166 0.018319205562037016
0 0.3495574057036458 0.40721961519583333 0.014768966422916622 0.013368704869444428
0 0.4471066887174479 0.3959533648393519 0.016995356722395806 0.019082505793518525
0 0.41067256702005206 0.408423017049074 0.006211753188020867 0.009509350559259257
2 0.3999765880552083 0.411358493662963 0.0051522765645833244 0.021983046674074084
1 0.6256414202682291 0.41200387248981485 0.0077284148489583275 0.022135706720370376
0 0.47827889506614585 0.400546213575 0.025761382821875026 0.019082505794444444
3 0.6606014066953124 0.5194681861347222 0.142718060828125 0.20322886989537042
5 0.05608974358984375 0.4358974358976852 0.1121794871796875 0.1614434947768518
3 0.4839743589747396 0.5600180122569445 0.17948717948802084 0.27027736579907413
3 0.1826923076921875 0.5546058879393518 0.258547008546875 0.32668566001944443
4 0.42728365384609374 0.4049467717166667 0.027822293447395847 0.03663841112407409
0 0.07104700854713542 0.7720797720791667 0.14209401709427083 0.44634377967500005
