1 0.9652759868333334 0.42303030579814815 0.00828989758333331 0.03941862946666664
3 0.4115257562713542 0.4169869218731482 0.008192828287500002 0.014881659111111127
3 0.524532275203125 0.41361947233750007 0.007391355958333357 0.01060714000462963
1 0.49087054097265626 0.4588430628953704 0.034297020208854195 0.11508319802407406
3 0.47062010099557294 0.6566927098657408 0.29609950060260415 0.4050238782962963
3 0.9400380827734376 0.44654673058472216 0.07924742575520831 0.06673467431944442
3 0.8549855472942709 0.4315507963768519 0.04218950357812498 0.05123993477962962
0 0.8209873188098958 0.3990045473486111 0.02744241266145835 0.011398717617592577
3 0.38944074088776043 0.41556208217083335 0.01496081687239581 0.016781445380555562
3 0.35458943534244797 0.46278686793703705 0.1401341929703125 0.09974552719074078
1 0.23445336493697916 0.4884457729277778 0.05238200178645833 0.20147010228888892
8 0.5524560598695313 0.47184824146157406 0.06740110058385422 0.13891121615092586
3 0.16104443302005209 0.43704924641111115 0.04650332908802082 0.05220304983518521
0 0.5042855612276042 0.4089347911319445 0.019771205170833344 0.018462000787963007
3 0.5189641832471354 0.41266269513750004 0.00639069257864584 0.009231000393518493
3 0.2808016897888021 0.44382706164351854 0.10667095079010415 0.09848492021296301
4 0.5176307078958333 0.4062578005430556 0.009973877916666632 0.022164173145370378
7 0.2083156070299479 0.4341353395597222 0.046966153846354164 0.06702445958981479
2 0.7180514397578124 0.4144450953638889 0.00756946092187493 0.022164173144444462
3 0.41673269676276037 0.41548292440925927 0.00739661529427084 0.012190295229629661
3 0.5676006250182292 0.4393768713481481 0.07977785135937498 0.059205162099999965
3 0.40373366415 0.4158787132157408 0.011131560172916662 0.015514921201851871
0 0.18551365562994793 0.4232377025310185 0.012912609800520839 0.026438692250925905
3 0.10406704958091147 0.44793882531157414 0.1263356420746354 0.07327007001203706
2 0.1604451633153646 0.4412041830305556 0.02181341725260415 0.053694565544444434
3 0.3707685728013021 0.41575712689444444 0.009350510545312454 0.011082086572222257
1 0.35839849167942706 0.4127447768462963 0.0038461538463542056 0.01385213037962961
1 0.8600876231093749 0.4008382078763889 0.0037048768437500713 0.01989909494351849
