2 0.43728380843515624 0.41900345065648154 0.005877463771354148 0.019631124785185198
3 0.8772769382526041 0.4647521782777778 0.18726413283854165 0.15397921576111107
1 0.7787310301328125 0.42012922991574075 0.010054096390625015 0.05669342185555556
2 0.544312702875 0.42897183028703706 0.008459985729166656 0.036887516733333334
4 0.4830326231638021 0.39763224615462966 0.06479897646927088 0.13761381915555557
0 0.023717608281302083 0.8289463791787036 0.04743521656260417 0.2991450404759259
3 0.45134902102734376 0.4285353277175926 0.020885750114062535 0.03428444478518516
3 0.5801214540104167 0.4552465993148148 0.06626573244791664 0.09228113015370368
3 0.6732380221510416 0.4937844400194445 0.13145108479166664 0.17760769538518517
3 0.48815064538229164 0.474867801637963 0.08751407625625003 0.13433422148148152
1 0.44433326789140626 0.42465747229259265 0.005371775736979127 0.02492317820370373
3 0.3742605113958334 0.45938869008055555 0.06754865811562502 0.10080544581481482
