0 0.481785 0.41492 0.037098 0.045246
0 0.074248 0.424242 0.012222 0.012142
3 0.281627 0.4219 0.013804 0.02045
3 0.292052 0.422028 0.018549 0.020195
5 0.469204 0.408019 0.016823 0.027352
3 0.429526 0.426026 0.033336 0.050798
3 0.350599 0.481206 0.111633 0.141211
3 0.546611 0.424632 0.037271 0.05632
3 0.630947 0.458705 0.085871 0.109406
3 0.307053 0.420577 0.012078 0.018405
3 0.318844 0.417382 0.015242 0.02224
5 0.446401 0.414615 0.024019 0.045645
3 0.457975 0.41149 0.007309 0.011077
3 0.383158 0.443995 0.072275 0.112587
5 0.532637 0.401135 0.040169 0.089081
3 0.492328 0.454576 0.070566 0.100272
0 0.445469 0.423817 0.018842 0.040491
