1 0.393587 0.423199 0.005608 0.031187
0 0.374908 0.412922 0.012078 0.015951
3 0.661829 0.43972 0.056403 0.07686
3 0.689782 0.451646 0.067584 0.084811
3 0.910619 0.4717 0.111511 0.116785
0 0.971688 0.478632 0.055556 0.155745
3 0.397944 0.413076 0.009145 0.015644
6 0.196109 0.432608 0.017773 0.03589
3 0.273789 0.429476 0.025882 0.032209
3 0.290076 0.428087 0.032439 0.042474
4 0.324543 0.410229 0.030052 0.038344
3 0.357432 0.421355 0.019372 0.023433
3 0.029553 0.439696 0.059106 0.043685
3 0.252724 0.431648 0.031203 0.0386
0 0.617375 0.449413 0.013396 0.075109
3 0.309229 0.426471 0.023122 0.031596
4 0.793836 0.387795 0.160114 0.20923
3 0.333458 0.428251 0.029477 0.03451
4 0.540668 0.402789 0.142727 0.18598
2 0.064569 0.439593 0.01056 0.037178
3 0.74691 0.458988 0.095532 0.131298
5 0.252004 0.411858 0.034078 0.051126
3 0.482016 0.579614 0.252849 0.392529
3 0.367834 0.419671 0.014839 0.0227
