1 0.156185 0.417962 0.00359 0.019829
0 0.8929 0.429587 0.039507 0.04369
3 0.220857 0.418653 0.010506 0.014791
7 0.211527 0.417381 0.010577 0.024691
1 0.145295 0.421776 0.003419 0.022313
1 0.97693 0.403288 0.014163 0.089294
7 0.33174 0.437266 0.068847 0.123622
3 0.543922 0.414223 0.034989 0.039569
3 0.778431 0.406534 0.073193 0.052723
6 0.815217 0.425175 0.0352 0.066321
1 0.40221 0.40416 0.003834 0.012355
3 0.09054 0.433772 0.029202 0.036562
1 0.963064 0.405419 0.013873 0.082087
1 0.091903 0.44078 0.005698 0.041933
5 0.619717 0.399506 0.097211 0.113641
3 0.456383 0.444886 0.071057 0.099506
4 0.177646 0.411436 0.032699 0.051189
1 0.794138 0.410848 0.010305 0.063055
4 0.190067 0.410843 0.043269 0.072865
7 0.887529 0.397146 0.079042 0.064333
0 0.47848 0.401543 0.004184 0.010288
0 0.411828 0.404635 0.009401 0.013928
1 0.158355 0.419689 0.003953 0.022222
