0 0.22971621106197918 0.43181918170694444 0.02720038529479165 0.017893939225000006
3 0.13568376068372134 0.5783475783476852 0.2638888888888073 0.3475783475787037
3 0.46055091896458333 0.4302503816574074 0.025761382821875026 0.04516193037777775
1 0.5866851236822918 0.41840938821712964 0.004193892010416651 0.022793470202777742
1 0.6680144233411459 0.4219232602592593 0.00527232138020833 0.03024927821296299
0 0.2723045852539062 0.43164365068472227 0.013458798574479165 0.03202503865833335
6 0.6865147114765624 0.4308195133356481 0.014839188171875031 0.03476618564537035
3 0.02222661927682552 0.4615947806569445 0.04050063078624479 0.0485897138268519
3 0.40061019021979166 0.45516918586990746 0.05814200984062499 0.08799155449351846
7 0.5144552271296875 0.4830686574509259 0.11561708610520831 0.22092961907777778
1 0.7007028158880207 0.4217954464074074 0.004888879828124952 0.030930952088888884
