1 0.007607 0.478509 0.009261 0.058801
8 0.927565 0.490192 0.036166 0.091879
1 0.070059 0.462168 0.007479 0.040469
0 0.048107 0.464613 0.057018 0.049157
3 0.102647 0.468353 0.057534 0.065305
3 0.32558 0.503414 0.106917 0.137891
3 0.548301 0.448227 0.031177 0.044641
3 0.421085 0.445251 0.032866 0.051535
3 0.233204 0.453303 0.033647 0.050391
3 0.254868 0.446682 0.026861 0.036924
3 0.146183 0.462802 0.040848 0.054067
3 0.170074 0.447291 0.025055 0.025154
3 0.283861 0.448782 0.026721 0.036853
3 0.211427 0.465005 0.047408 0.070499
7 0.485603 0.466215 0.096041 0.139143
0 0.538158 0.458153 0.03233 0.093926
3 0.392937 0.460117 0.050729 0.075093
3 0.733726 0.517494 0.156967 0.213782
4 0.853295 0.399229 0.16065 0.206732
1 0.060808 0.462835 0.007051 0.039506
3 0.446689 0.595642 0.218457 0.302394
1 0.952223 0.471193 0.018604 0.125599
3 0.651426 0.490859 0.085384 0.130712
3 0.602942 0.466244 0.0569 0.082161
3 0.578636 0.451693 0.042771 0.067999
0 0.956983 0.397933 0.084966 0.260253
0 0.392184 0.435656 0.108234 0.033394
7 0.315015 0.447744 0.052427 0.077295
