5 0.7720832626588541 0.43738830938703704 0.13740398051562497 0.1666877043518519
3 0.5281470929625 0.6266853669115742 0.2804487179499999 0.4036087369416667
3 0.4341192478609375 0.5270818108037038 0.12701792918958338 0.2060910625722222
5 0.6432127035520833 0.39827031386342593 0.14973005480208337 0.2610999669712963
0 0.24692867107526043 0.40539835136851854 0.012019230769270835 0.009021842355555573
3 0.216593898109375 0.41541089535231485 0.010327635328125003 0.014245014245370335
7 0.20749763163697918 0.4168889044819445 0.017274840881250003 0.03514880919166669
4 0.16451023857708333 0.41282935415277777 0.037944737195833335 0.04904209408703703
3 0.8812433226484375 0.6556855059625001 0.23644497863020827 0.46260809538796294
3 0.7194744215338542 0.516595347963889 0.1699535672239584 0.2003663108351852
5 0.5012317168942708 0.4262020231402778 0.040987829815625015 0.06495726495648145
0 0.22238768897057293 0.41064706769583337 0.008026328160937506 0.012978790756481461
3 0.3665527636630208 0.43557526876342595 0.03748219373229169 0.04827477049722225
3 0.22999311463359373 0.4158065901921296 0.010772792022395835 0.01630262741388893
5 0.4301847497518229 0.42311644974120377 0.04610256410260417 0.06890274967314812
3 0.19261930047343748 0.42123812582175924 0.012082403159375026 0.018284481549074076
0 0.5407205646247396 0.4110324964351852 0.07546100291718758 0.026840908837037023
1 0.38824619237395835 0.4105352660449074 0.0043625356125000184 0.017885406774999998
1 0.4702628912903646 0.4068098249074074 0.005769230769270865 0.02564102564074073
1 0.5764340736276042 0.4142583339291667 0.005252849005208423 0.022950300728703715
1 0.5740202559635416 0.39651347796203706 0.004540598291666598 0.020417853751851883
1 0.06856826116197916 0.4232580805652778 0.005876068376041658 0.024849635960185194
1 0.1435425860421875 0.42512753066712966 0.004184472934375005 0.017252295030555562
1 0.13397171709661457 0.4257606424115741 0.004451566951562495 0.019468186134259286
5 0.4941493004846354 0.41802969514120375 0.05182958571406247 0.0762090588731482
