8 0.6624267578151042 0.4271395235467593 0.013286088567708276 0.041717934665740745
0 0.19581271678489584 0.4112848696666667 0.04733049228229168 0.014485393981481486
4 0.9113258832786458 0.36255822151666667 0.17521154796354163 0.30388994769074074
4 0.8098708893385416 0.38328810497685184 0.16767365278125002 0.17937948301296294
1 0.7530014400052084 0.4319525952893518 0.012630411468750087 0.08834386164537039
6 0.7873928329479167 0.45178072718055556 0.06079612533333337 0.11724149216481482
3 0.4242789481723958 0.4175355649726852 0.033046125746875 0.05565663283611113
0 0.3373842369369792 0.4071072338152778 0.07509988593125 0.027785721532407437
3 0.5550228440442708 0.4256919635921297 0.052385149213541676 0.06883459219907409
3 0.3826365527578125 0.4371477088912037 0.05784314341249998 0.08003953865092592
3 0.40688625041093746 0.4210693194388889 0.040003204851041654 0.05919038730185188
3 0.38564231243098956 0.4367503548805555 0.0506872906192708 0.07995119478888892
3 0.605634172 0.46829136208703703 0.08672893585416663 0.13357591880740738
3 0.5229203911906251 0.41554782808564816 0.036027731077083305 0.05256459767870373
3 0.3417689698669271 0.45393147757453706 0.08121892920364579 0.0966835221842592
3 0.5112424369794271 0.40737602088333336 0.026585980864062542 0.045055369438888916
1 0.04571451969497396 0.4198539515800926 0.0060391311671354215 0.026073709165740727
4 0.713015563078125 0.3858695550189815 0.09374167159374996 0.13421199461203703
3 0.4798113474533854 0.42857854767870374 0.0506872906192708 0.07597572101481481
1 0.28659934069687504 0.41688866618240744 0.002581877485416643 0.01424484129814811
3 0.5287267414773438 0.4229312179157408 0.03789123440989588 0.04932532275185182
3 0.45916967975651035 0.45213809718287046 0.0688253897130208 0.09938684435092596
3 0.5776540567291666 0.44104170955277777 0.06559531727083331 0.08481010717962968
4 0.6626688314609375 0.3817581510157408 0.07779473429687501 0.10436260927407406
3 0.07906494982291666 0.6275122696601853 0.15812989964583332 0.5147135989018519
7 0.46221788826640625 0.41969822270601853 0.054098247117187505 0.08090884224907408
3 0.39172975664739584 0.42681167044583335 0.043978678625 0.07067508931574075
1 0.30881239009609374 0.4092122794824074 0.0030270287755208495 0.017885189629629605
1 0.29790618347734377 0.4143562499513889 0.0034721800661458246 0.020575881874999986
