7 0.3737761085770834 0.4133001513703704 0.026119179805208326 0.029259842216666665
6 0.021996992169645836 0.44326502345833335 0.04292560827091667 0.05527370440000002
3 0.3104311342664063 0.4322059672958334 0.057396599457812475 0.04770626448425928
0 0.2671989885447916 0.40872830102361113 0.020705843960416664 0.011411220671296272
3 0.3434776612268229 0.43110165561759256 0.08025585119010419 0.051681786524074076
0 0.29680426589661457 0.41075448307222223 0.02458818970260417 0.01354826827037038
0 0.63410196534375 0.45359533652500006 0.010202012645833255 0.07818526679444447
3 0.48753561253515626 0.6260699230231481 0.3308998100651042 0.5106173230314816
3 0.9437199656640625 0.44107986395185184 0.07986028674479162 0.06717042039444442
3 0.9650416603932293 0.5194681861347221 0.06991667921354161 0.18423551756944442
1 0.6548873522421875 0.40727877029907417 0.005769230765624893 0.020968660968518522
8 0.6314528854036457 0.4131082510745371 0.006832928505208357 0.030920726980555563
3 0.7136476318203124 0.45739262177314816 0.07907313338020833 0.09668469602222221
4 0.5510990424195313 0.39988554160370376 0.15456829693177088 0.2042591420166667
3 0.78206285940625 0.4661230157449074 0.11002257246875 0.14576914148055548
8 0.6456846472005208 0.4131459375023149 0.0072115384635417 0.027698638810185187
3 0.2465589532783854 0.4291664598333334 0.034941111682812484 0.03987792170185187
8 0.6406172367239583 0.41424181474166666 0.006901947989583353 0.034969869800000004
3 0.17034950934322918 0.43617792281805556 0.07267751230000001 0.048957817719444456
2 0.05336149096778646 0.43709818255000005 0.012216447936302078 0.0397552204037037
3 0.2673025177648437 0.4291580670643519 0.029609356863020835 0.033129350336111134
4 0.8235963549895833 0.3889311921185185 0.18187536271875 0.22990602980370367
8 0.2873165297841146 0.4378951025180556 0.04413882425989586 0.07294206122500005
3 0.6791202229010416 0.4424446589013889 0.06368786308333334 0.08714344312500005
3 0.1120625585953125 0.4398589617439815 0.07702573953229166 0.04969402550462963
3 0.9502146293828124 0.4733720576912037 0.10046105461979167 0.11831153592129635
4 0.2144936532565104 0.4161294469694444 0.043856127832812494 0.0654406920222222
