0 0.6581423281354167 0.40707550750416666 0.04233930972916665 0.036574802771296266
3 0.3670092067416667 0.45910857158055557 0.06564580769166668 0.08640134567777778
3 0.4315303376575521 0.4220135847902778 0.01759168502864584 0.02597341066388889
5 0.44340603140859375 0.4124461727462963 0.015322324530729148 0.03533797369259257
4 0.4770737336880208 0.4023748502439815 0.05217872678020837 0.1282768445027778
6 0.6939220265 0.412061540199537 0.0518805626250001 0.05628663528240741
3 0.4837327744510417 0.4527313609819445 0.06440345705416668 0.10050119718055557
3 0.5958654904088542 0.46396689613703707 0.09123823082812497 0.12340020413333333
7 0.8818558138385417 0.41449761166435184 0.07835753941666669 0.10240944776018521
3 0.41903885144505204 0.429866398350463 0.03155570619531248 0.04770626448425928
3 0.5470628405520833 0.4409638157421296 0.045798013906249935 0.06933310438425921
