0 0.49155 0.400229 0.006735 0.010626
5 0.502213 0.401176 0.008284 0.016937
5 0.48343 0.39956 0.011129 0.022634
3 0.474749 0.40597 0.006944 0.009813
7 0.483051 0.408719 0.011483 0.021125
3 0.383487 0.412269 0.011383 0.014202
4 0.339887 0.406195 0.029333 0.035277
3 0.42417 0.407101 0.006006 0.009941
3 0.417853 0.40839 0.009941 0.011046
3 0.446856 0.418728 0.021137 0.030931
3 0.292279 0.422624 0.022604 0.022393
0 0.45058 0.399006 0.012981 0.012781
3 0.204631 0.433087 0.035948 0.032806
4 0.428943 0.402335 0.009187 0.015977
3 0.10381 0.440476 0.041246 0.046381
3 0.430279 0.40618 0.00787 0.009573
3 0.409038 0.408747 0.008987 0.012071
3 0.370656 0.412357 0.015278 0.018284
