0 0.508253 0.395861 0.029477 0.013548
2 0.544411 0.399353 0.005466 0.011927
1 0.82769 0.397138 0.003695 0.02006
0 0.458759 0.402706 0.041412 0.009509
1 0.933742 0.398207 0.005176 0.027352
7 0.407388 0.437332 0.06333 0.109406
7 0.374071 0.418879 0.030627 0.041923
3 0.472457 0.48028 0.099954 0.134646
0 0.344291 0.412428 0.021683 0.014435
1 0.743175 0.435025 0.012021 0.043436
3 0.792794 0.391093 0.032267 0.019939
7 0.272964 0.435591 0.064354 0.083928
7 0.597249 0.432769 0.063509 0.106014
1 0.138559 0.442341 0.010187 0.049915
3 0.503872 0.438272 0.046961 0.084369
4 0.444179 0.400865 0.012596 0.023006
1 0.099673 0.445742 0.009541 0.053007
4 0.462814 0.398104 0.00742 0.018098
1 0.163779 0.432181 0.007951 0.042847
1 0.95317 0.43052 0.009839 0.055127
1 0.889802 0.397759 0.004673 0.021089
