3 0.090278 0.626732 0.180556 0.478131
0 0.481974 0.416213 0.053173 0.032246
3 0.194108 0.440828 0.037271 0.042025
3 0.155288 0.449658 0.051881 0.058838
3 0.297611 0.423068 0.017974 0.019428
3 0.520308 0.417079 0.019442 0.028712
3 0.617279 0.461425 0.090791 0.129425
3 0.395197 0.414407 0.011184 0.014557
0 0.337046 0.41683 0.019268 0.014826
7 0.275036 0.414632 0.015961 0.015338
3 0.53885 0.430331 0.032508 0.047854
3 0.453853 0.416343 0.015322 0.023559
7 0.296486 0.417136 0.022949 0.019939
0 0.287494 0.419507 0.006346 0.020195
3 0.441843 0.420534 0.026503 0.04004
5 0.329137 0.413005 0.016392 0.030182
3 0.489703 0.552987 0.166141 0.247309
3 0.370182 0.451828 0.070069 0.098505
4 0.411325 0.403568 0.012797 0.027918
0 0.420307 0.406133 0.00659 0.011929
4 0.505882 0.403733 0.01898 0.03589
