2 0.006794871794863802 0.4494193300791667 0.013461538461522395 0.06108262108240739
3 0.3991287877778646 0.4190449888078704 0.019471641455729185 0.025545501249074065
1 0.03236265429059896 0.42912573094074075 0.005430911680885416 0.024216524216666674
1 0.12108394468385415 0.4293299919949074 0.004718660968749999 0.02279202279166665
1 0.19964398910520834 0.4342616041476852 0.014584615384375018 0.06859487179537038
0 0.04580592592591146 0.42219870340000004 0.004273504273489581 0.010129787907407435
0 0.3129689524690104 0.41258266862175924 0.009081196580729175 0.01123773346018516
3 0.15281943511770832 0.4214778671597222 0.011663105413541666 0.009971509971296286
3 0.3717795472760417 0.4295596947208334 0.03206530002187495 0.039877921700925904
1 0.5655887127604167 0.4289429478819445 0.012239316239583312 0.07080113960092589
1 0.3076839883210937 0.4325391298092593 0.014388717948437465 0.05925925925925926
1 0.41808839709322915 0.41023217105370374 0.005519943019791699 0.022633744855555554
8 0.6493316335286459 0.4319741133162037 0.03788571275520833 0.06722149685462964
1 0.5231621349856771 0.4025146472805556 0.0052564102578124645 0.02666666666666668
3 0.1846392356875 0.42372541385138895 0.010238603988541654 0.015036403924999952
1 0.5724852939583334 0.42760075098425926 0.018333333333333358 0.06905982905925928
3 0.17142353768177085 0.42655010520972225 0.012909544159375012 0.021367521367592596
