0 0.613648 0.425497 0.016392 0.025461
1 0.026831 0.449225 0.010698 0.06043
2 0.818243 0.44326 0.016399 0.060958
1 0.803334 0.422322 0.008349 0.043466
3 0.32147 0.444213 0.037926 0.04707
3 0.68544 0.429319 0.026835 0.031168
3 0.759862 0.43727 0.061899 0.066153
3 0.484009 0.441395 0.036078 0.060958
3 0.639099 0.427491 0.019325 0.025154
0 0.512335 0.410651 0.047408 0.015372
1 0.820926 0.417817 0.007156 0.034455
4 0.569135 0.412242 0.073348 0.129867
3 0.955636 0.442836 0.08766 0.107498
3 0.50503 0.468429 0.070963 0.103364
3 0.878041 0.439338 0.076211 0.08778
0 0.833875 0.420808 0.014839 0.042025
3 0.654732 0.426326 0.023605 0.034234
