0 0.4483496314664062 0.40410952465925926 0.028051531635937484 0.018681231649999998
3 0.5226859424429687 0.6249403422138889 0.28053032989531246 0.3967443199185185
1 0.8802564301874999 0.4082468755486111 0.009492432124999913 0.03927373936944447
1 0.8662333221067708 0.410236160812963 0.006040638619791612 0.02940416684629631
0 0.21307481255520833 0.4431693876759259 0.04084935646874997 0.07815537679629625
0 0.42507473000937496 0.42059824438425925 0.01570086626458333 0.02620806175370371
3 0.5940771198515624 0.427766177488426 0.07882107794270835 0.053542269167592624
3 0.48924493266093744 0.40093068872361115 0.010241035359375003 0.01298187284166664
0 0.49736078114739585 0.41828184581574074 0.07866069798645832 0.03192324855925922
7 0.3024049891690104 0.47949445536851854 0.15941083305572915 0.24830702913518524
3 0.13435297627421874 0.5991725945907408 0.2687059525484375 0.43595498037592595
3 0.539292634169271 0.40806033797824076 0.005521253848958334 0.018681231650925913
3 0.9263015105781249 0.4072377849027778 0.04867010200000005 0.04179529792962966
8 0.6870457199374999 0.4364509153953704 0.017009023947916663 0.08441383657592591
3 0.5473521263749999 0.4099524855175926 0.016285917791666667 0.020517691711111122
3 0.8762645479739584 0.5877502270671296 0.2474709040520833 0.3234891879231482
3 0.44681306418541666 0.41965723824166673 0.026323913496874952 0.03815404091296299
3 0.82361320571875 0.41309544425 0.04935055247916663 0.04211192897407412
7 0.3689447897236979 0.4179001947078704 0.12243415242760414 0.232972266612037
6 0.5306990697161458 0.4075853914111111 0.007391355953125019 0.02121428000925926
