0 0.02214654558404948 0.4717101190083333 0.042660849952526045 0.061380859377777756
8 0.6470999919010417 0.45789302104999996 0.025761382822916682 0.09032386075740738
0 0.4907544275619791 0.4302092614120371 0.0193254543625 0.013190389485185224
5 0.49299756065781253 0.415178352463426 0.02346662315520837 0.045706233334259244
0 0.5237747823351563 0.4258400645291667 0.03254958670468753 0.017227262174999997
5 0.46652312364817705 0.42543821482407407 0.01674830769218746 0.048679384614814844
3 0.20052347617291666 0.46938201259212964 0.073708395840625 0.08610026614166666
0 0.012820512820505208 0.5859449192782408 0.02457264957263542 0.1424501424509259
7 0.33016085338749995 0.4553315618800926 0.04084848896458334 0.09859294660092588
3 0.52194540070625 0.549650176450463 0.16384239474374998 0.2280741092472222
3 0.45373267062942707 0.4562878846101852 0.04994249563177083 0.08171906416296293
0 0.39712819393828125 0.42688315670092597 0.033294997088020806 0.008392768751851855
3 0.24435631039114583 0.4569582722652778 0.03666659867916667 0.051381168345370376
0 0.35140969047421877 0.44168093318472224 0.007951044080729197 0.03180417632314814
3 0.0747863247862526 0.520417853750926 0.14423076923061978 0.1899335232666667
3 0.3656967228067708 0.44322696953333335 0.02360466211458334 0.041963843759259226
3 0.28036743983177087 0.4536271386060185 0.053371383391666694 0.06701719919351848
5 0.3191124375734375 0.42022847157870374 0.04886579174583332 0.0971794276537037
3 0.3923221529033854 0.484603568275463 0.08616944022447914 0.11025447791944448
