4 0.592493 0.408406 0.022525 0.0478
3 0.52566 0.420483 0.014957 0.025324
4 0.883619 0.408106 0.232761 0.495857
0 0.579363 0.413825 0.005965 0.017411
5 0.569709 0.413338 0.015791 0.028173
0 0.543488 0.411047 0.006491 0.017752
3 0.643338 0.490399 0.103011 0.130466
3 0.537278 0.41795 0.014156 0.019626
3 0.501562 0.443456 0.035975 0.055191
3 0.522296 0.424864 0.016115 0.028173
4 0.664995 0.408898 0.137203 0.152212
7 0.487038 0.417639 0.018608 0.029598
4 0.556516 0.407525 0.023593 0.05603
3 0.436617 0.440848 0.030675 0.051472
3 0.512636 0.429058 0.024395 0.041311
3 0.463069 0.466071 0.073046 0.099695
