0 0.007207 0.450703 0.0142 0.061819
0 0.472155 0.41517 0.007937 0.014111
3 0.119883 0.450426 0.064883 0.076489
4 0.233391 0.41923 0.063391 0.066581
7 0.488752 0.436905 0.035077 0.069488
3 0.295805 0.43249 0.021627 0.028163
7 0.343154 0.471478 0.100573 0.144687
3 0.391261 0.42592 0.01068 0.014715
0 0.400072 0.424733 0.008188 0.00981
3 0.150738 0.44718 0.035532 0.043237
3 0.447367 0.43257 0.026344 0.034334
4 0.838436 0.3878 0.321704 0.497134
3 0.044258 0.458658 0.064432 0.059906
3 0.512312 0.456596 0.049446 0.079641
5 0.313827 0.4173 0.029904 0.054112
4 0.685607 0.416345 0.162085 0.168142
5 0.458447 0.415719 0.018779 0.04272
3 0.569119 0.515751 0.140071 0.207095
