3 0.469484508546875 0.5115120533861112 0.12056327160416665 0.17858681088888895
3 0.21266054831953127 0.5245911722833333 0.20739805605677084 0.26970016639074074
3 0.32152104237395834 0.4774659907791667 0.08587127607187502 0.11754823568981479
3 0.3699757651414063 0.4536990831930556 0.052655789424479175 0.07442177259537043
7 0.6960567390338541 0.49212494047824074 0.161037583796875 0.23195777969537032
3 0.42465859692421876 0.41869521110092595 0.02335619198697921 0.03710487237592593
0 0.46407609673072914 0.4111943728050926 0.06641149323645834 0.027403891837962997
4 0.38763654792343755 0.4038974346175926 0.012423506376041674 0.018994160859259278
0 0.3178164420895834 0.4089772683356481 0.015902088161458335 0.01325174013425928
3 0.11020147095885416 0.4333688461310185 0.022660475630208336 0.02597341066388889
3 0.05727733379645833 0.44794576027916666 0.05396771169770833 0.04346570764166663
3 0.007145492000726563 0.4398144925324074 0.010435745355942709 0.029153828296296334
3 0.4365851630453125 0.41626572540925927 0.016399028416666656 0.026061755598148138
0 0.90679002728125 0.4045511990041667 0.07857221760416663 0.02976870903796296
0 0.4088807438265625 0.4034557099462963 0.01217503624895831 0.008392768751851855
3 0.5037221890544271 0.414400940537963 0.020752225050520857 0.031168092796296305
0 0.3532234352614584 0.40853554366435185 0.03602816849062496 0.01060139210833334
3 0.5788904457421875 0.44933567232916666 0.06509917341145836 0.09251198808796293
4 0.33086112378463545 0.40743123198657405 0.009193394718229145 0.018994160860185197
3 0.6459602854270834 0.47177669914259257 0.09480188878125008 0.10991523337222225
7 0.12148447473828125 0.4223985846333334 0.015138156381770844 0.016754558198148153
3 0.41012309446432293 0.4365850602824074 0.03801592951093748 0.05256523586666665
5 0.07102267903661459 0.42807488923796294 0.04090807736635416 0.04188897714629629
3 0.5262633990234374 0.4325293210416667 0.03792648026562494 0.048342348011111105
3 0.027669633400937498 0.4363460704148148 0.025343953007291663 0.030479002309259276
0 0.5194652563351563 0.4147189823013889 0.02289900695468751 0.016538171687962972
