5 0.14921666449921875 0.4223471818865741 0.03606267823072919 0.03619688277500004
3 0.11158131996718751 0.42926248112962967 0.021467386276041663 0.026714969587037063
3 0.08779625022369793 0.43179876058564814 0.023466623154687498 0.027479978095370342
0 0.35188007321328124 0.40376486748842594 0.002995637147395828 0.009763558108333351
4 0.42791445619401036 0.39424796009305557 0.012642450142187478 0.018360240582407424
1 0.4805764932309896 0.3985214643666667 0.002759971509895879 0.009496676162962946
0 0.5027204522755209 0.40584037634398146 0.03727051912604165 0.017227262174999997
3 0.5100503210377604 0.4776206354060185 0.09118853679947918 0.1263332559490741
3 0.5711849225104167 0.4367007529791667 0.038248295093749954 0.05649372241018519
7 0.6310459497473959 0.4530172989027778 0.08646760438020837 0.13251740134629625
0 0.844186935953125 0.3961317531921296 0.05080717167708334 0.01844642226759261
0 0.7013636026614585 0.39686265556944444 0.03369254929166665 0.01272167052962961
3 0.4593014241710937 0.41388714109953706 0.019743589743229192 0.03168091168055556
3 0.37311879442734375 0.4640463559601853 0.07470276923072922 0.09972184615370373
0 0.4503503536299479 0.3980466305587963 0.03347578347552087 0.01361190250092595
0 0.37594502496093746 0.4030547905351852 0.02536306117812502 0.009053481155555583
4 0.3576716383640625 0.4016346366282407 0.00918662058437505 0.015444173736111112
0 0.49079388615546876 0.4473624954324074 0.0556573085651042 0.0728845707407407
0 0.5373409214739584 0.40382587150000004 0.019986891041666687 0.024284631805555536
0 0.41763835552161455 0.3968913099787037 0.006390692580729151 0.004260461720370388
3 0.5587470370755208 0.4268590864050926 0.03379078701562506 0.0455017311712963
0 0.4389168087867187 0.41388714109953706 0.025641025641145808 0.028490028489814807
3 0.5944329839791667 0.43943596940324076 0.05424931117708335 0.08135096027129629
3 0.24892733079192705 0.5176775109305555 0.20407679807239582 0.2703354987444444
3 0.12607180570338541 0.4388035416967593 0.04114582369531251 0.03434781804166665
3 0.45188106300598957 0.4211619189842593 0.02039401696197919 0.03498388874629628
3 0.5429385597916667 0.4163913887009259 0.02504528398958339 0.03434781804074073
3 0.43431904369296875 0.44188738941018524 0.04016852756093752 0.058527339125925934
3 0.40709140774296876 0.4498014635689815 0.044516667142187494 0.07141071566388893
5 0.4672663080455729 0.39385226525277783 0.01620370370364578 0.019151630262962956
