1 0.685657 0.42695 0.005752 0.030036
3 0.478585 0.437813 0.039686 0.059306
3 0.509641 0.420343 0.015846 0.025386
1 0.676011 0.425565 0.007309 0.031527
4 0.35593 0.414935 0.027081 0.039409
0 0.447183 0.412759 0.012944 0.010125
4 0.370096 0.414052 0.02077 0.036569
0 0.515201 0.406993 0.047077 0.019966
3 0.532794 0.422916 0.016308 0.022427
0 0.382203 0.414188 0.005342 0.009565
3 0.40638 0.460824 0.063608 0.090995
5 0.923077 0.406949 0.152778 0.386481
0 0.406702 0.406529 0.008457 0.020251
1 0.046644 0.44805 0.00671 0.03137
3 0.492266 0.431763 0.021179 0.037479
0 0.233647 0.428112 0.017643 0.028927
4 0.288132 0.419338 0.045967 0.055584
8 0.139587 0.445804 0.010376 0.036802
3 0.444002 0.545435 0.148457 0.21983
4 0.316188 0.417681 0.032094 0.049326
3 0.641818 0.491705 0.110345 0.143204
4 0.593565 0.411501 0.074465 0.144002
1 0.205901 0.440312 0.00683 0.027472
3 0.386432 0.421424 0.011663 0.016619
4 0.33472 0.417313 0.027332 0.046381
0 0.729417 0.430101 0.007477 0.033232
4 0.393499 0.411438 0.021746 0.034365
