3 0.309625 0.418432 0.021677 0.026688
0 0.470211 0.386423 0.012582 0.020876
3 0.21403 0.429088 0.029195 0.033497
3 0.185663 0.437738 0.034579 0.043436
3 0.142077 0.439947 0.040583 0.041964
3 0.275083 0.425488 0.028298 0.03405
5 0.38524 0.437741 0.049018 0.082691
3 0.521944 0.415651 0.024599 0.039795
7 0.570218 0.432077 0.043532 0.076989
3 0.449618 0.414565 0.016392 0.027874
1 0.54059 0.402022 0.004025 0.01836
3 0.506165 0.409871 0.014908 0.023285
3 0.443598 0.419587 0.021688 0.028971
1 0.667247 0.411408 0.008945 0.036221
7 0.485692 0.425477 0.042339 0.081631
0 0.460128 0.410897 0.012342 0.024663
3 0.685993 0.495914 0.135963 0.177573
