1 0.9401233856119793 0.4288659740958333 0.02310772185937502 0.11396496515648154
7 0.9593844156692709 0.3835320258115741 0.04596697358854165 0.03681038926203705
0 0.514570308315625 0.38722804822685186 0.03404040747291663 0.01678553750370366
7 0.4647520477460938 0.4079891077712963 0.06261447213593746 0.058307656592592565
3 0.3962444269442708 0.46211528206342595 0.06644206242395836 0.09867229343981476
7 0.5700022178854167 0.4145314072060185 0.06614481853125002 0.0583076565916667
1 0.712102538221354 0.41194372020324077 0.01497818573437506 0.050486471384259296
2 0.6653557024192709 0.44294505630601855 0.02943637791145832 0.08789988536388894
3 0.5166781253291667 0.5790209923439815 0.234428583675 0.37150616111574075
1 0.8245444849479165 0.42139824467962966 0.019498003062500047 0.08006259664629628
3 0.3451633629658854 0.4890969211087963 0.0990501316359375 0.14733814751203703
4 0.1965608568828646 0.4110538906939815 0.34573303914260417 0.12085079455462965
5 0.7679675553359374 0.3981441267 0.040620839713541676 0.05922041791111112
5 0.25286075003958336 0.39274343293148156 0.11664181666458336 0.19273330851666667
2 0.7022291444140625 0.44776887939722226 0.02981641530729166 0.09607511597592597
3 0.25736899203333335 0.537808641975463 0.186512411628125 0.2354017914712963
