5 0.9026244460286459 0.4022897541416667 0.15061134852604163 0.21763216207592595
3 0.08383499675598959 0.43174992990740746 0.032439155538020834 0.026380778972222227
3 0.3839986707385416 0.41826172317175925 0.018812601283333365 0.027479978095370394
3 0.35124461382395833 0.4226372173583334 0.018635259564583367 0.02503106469814811
3 0.30165411753906246 0.42153290568055557 0.024639954312500004 0.02944831140925925
0 0.4453429570265625 0.40961767985231484 0.01018516629999997 0.009941077347222231
3 0.6335272587890625 0.4194263108055556 0.03230111657812505 0.04284729310185185
7 0.7494077629817708 0.4172901302962963 0.0356365795677083 0.05266771599074071
3 0.12813621041041667 0.4298407958787037 0.035406993171875 0.026135376375925896
5 0.4064882848117187 0.41302774594861114 0.010584584585937466 0.01757440459537039
3 0.4989235886065104 0.4257582458273148 0.03254958670572918 0.0437307424435185
3 0.5559216419817709 0.45015734976296295 0.059680536869791585 0.0778566236388889
7 0.5667661339739584 0.4126047390402778 0.02136843096875 0.035337973691666705
3 0.6045804889322917 0.42384355751712965 0.029567945177083388 0.04461419178611113
3 0.6629709689010416 0.42892339123564815 0.03155570619791668 0.04240556843055556
1 0.4515869640401042 0.41460613518796297 0.005665118907291659 0.012191600924074078
1 0.4597153026335937 0.4100287486787037 0.0036923076921874906 0.019418803418518534
3 0.5786927000963542 0.4344701102620371 0.027331714026041707 0.048147989155555564
3 0.4370778204721354 0.40995854135925924 0.006321225071354183 0.00965495410000001
6 0.18590551505911457 0.43002484782500006 0.0167717336078125 0.027239688053703734
3 0.05139584121822916 0.4420261635763889 0.04175678531979166 0.0315955841175926
3 0.1672702554950521 0.4272640686300926 0.025054071192187492 0.024662960806481466
4 0.3571457793526041 0.40852656814120375 0.0265724997489583 0.041104934676851855
7 0.5871406844296876 0.4139299130537037 0.021368430963541723 0.04063866974629628
9 0.4391934815997396 0.42103335920833335 0.003834415548437479 0.012568362074074036
2 0.09850163622760416 0.44110590384490744 0.011388214178125012 0.033436103580555605
7 0.33333405879843747 0.4143548797740741 0.02091290240000004 0.03791470094074075
3 0.6882244787812499 0.44209738782824076 0.0592511804895833 0.06564381993055558
9 0.42271747729088543 0.4217789400092593 0.004193892005729142 0.0123553389888889
3 0.515943792340625 0.43768481194861114 0.037767459381250035 0.050798337182407415
3 0.3180404923846354 0.42796961124768523 0.023581655621354138 0.029652813573148164
3 0.42928757830703124 0.41035423619953704 0.007656695156770847 0.011396011395370394
