0 0.30535181418463536 0.42012090011851855 0.033745708554687504 0.018518518518518517
3 0.8992507353307291 0.5170940170944445 0.18596585813020827 0.2010129787907408
0 0.9888706088723959 0.4053993688611111 0.02225878225520835 0.04417246711481479
3 0.8719700328072918 0.4059106003564815 0.029357244041666657 0.03024927821296299
5 0.9480449872942709 0.38194161627546297 0.066341524046875 0.06625870067314812
3 0.09775641025632291 0.6115859449189814 0.19337606837589583 0.3456790123453704
3 0.7848545326822918 0.4909466486111111 0.11936107373958328 0.1419738431055556
1 0.7141376524791667 0.41087864838564814 0.004313717489583387 0.020961471663888915
3 0.7225925387604166 0.4122079124425926 0.015356834270833274 0.02331324653333332
0 0.6655124626380209 0.40938676420925924 0.03333640877604165 0.027239688053703734
1 0.9512375875182291 0.4036751169226852 0.048898921098958326 0.0524768909324074
1 0.9765815405234375 0.4055303605412037 0.011330237817708403 0.05936779580277782
3 0.6890135955338541 0.4160126342763889 0.05342107742187506 0.032393142550925964
3 0.5217274892768229 0.4392324127740741 0.02546818807135415 0.04380436322222223
7 0.4152246725213542 0.5416270971824074 0.18336957296249998 0.39569484013888895
3 0.5565283227005208 0.4437350732222222 0.03658032432812502 0.051841298211111095
3 0.5119957426148437 0.43407895827731485 0.03499287629114581 0.04527677879351849
3 0.6001947850026041 0.45293030846018517 0.046875730078125004 0.06748571364814816
3 0.5418263452552083 0.4354699138199074 0.03968620092708341 0.06043038903981484
5 0.32748706242291664 0.41843402311435185 0.01819316079583331 0.03174043981574073
3 0.5801359986666667 0.44628398817638887 0.046731939489583374 0.06032813795833337
3 0.49594683064427086 0.4356203933277778 0.02641152290729168 0.039988693705555585
3 0.6382245184114583 0.4596686547166667 0.06882622532291667 0.08348596284814817
3 0.6957432061510417 0.4662825098726852 0.10137581203125 0.09232045627129627
8 0.6665479661666666 0.47312924227592595 0.029567945177083388 0.12986705331851853
