3 0.23150257242083333 0.47017355158842594 0.10957532623749998 0.10300876179722218
3 0.6303164809427083 0.41421779934861114 0.015015301718750014 0.03160308714907408
7 0.5476162901614584 0.4181662123375 0.026294263343750044 0.043289017773148135
3 0.5734849118541666 0.422725928888426 0.020705843958333265 0.030184519195370338
3 0.6599918351302084 0.47030777760277775 0.08994618616666668 0.11440668982777777
3 0.5169622291744792 0.5121866683083334 0.126101571359375 0.1786122542296296
5 0.6161979581875 0.40650694752129635 0.017844397708333303 0.0306753243851852
3 0.5547739609270832 0.434306477350926 0.03190356437499998 0.0471761948796296
5 0.5889386119322917 0.4033162025300926 0.025642653979166614 0.056025071621296316
7 0.5306913968677083 0.4195464112138889 0.021373505347916696 0.04285746808703708
0 0.4935362916411458 0.4288248321402778 0.05094847205000003 0.048159422902777804
3 0.6118539228203126 0.4354444125296297 0.039513652223958334 0.06503168769814816
