3 0.16011243239192707 0.45010985522129626 0.03428266262552082 0.03835291298148146
0 0.8420297344583333 0.39594719085833335 0.02000852347916672 0.02299830284629631
1 0.22948756383125 0.4352177140370371 0.006051975748958327 0.02847988587777779
0 0.4575452509450521 0.4074371537486111 0.012103951498437541 0.007119971469444409
4 0.4299773622130208 0.4089162091546296 0.007564969686458352 0.010759067998148138
3 0.9804846012135416 0.3947902167212963 0.03845851174999997 0.0675598144425926
3 0.43625183707031245 0.4098655386842593 0.005873976462499956 0.009809738468518537
3 0.4462642969492187 0.4114477545666667 0.007208971113020842 0.009493295292592597
3 0.41849640821848955 0.4134255244189815 0.010590957560937456 0.015980380408333345
7 0.3916652512580729 0.4430560804314815 0.06540717329531252 0.10450428813518518
1 0.20395107415885416 0.4396415896439815 0.005517977888541677 0.03037854493611113
3 0.48308165248385415 0.46182653848564814 0.07925701958437502 0.12019594498796296
4 0.4413693165640625 0.40575177739074075 0.011658953281249988 0.016771488350000002
7 0.5917964356614582 0.445695767825463 0.07821722797916675 0.13171383576944448
3 0.35119559770520836 0.4988849275763889 0.12518436205416664 0.15260569850462957
0 0.6459421000625 0.4015938903898148 0.013971468979166582 0.015638845935185205
0 0.4990069806111979 0.3976152586893519 0.020961994781770816 0.007879048197222216
3 0.90451254709375 0.39067124973611117 0.042721647364583386 0.03665009541666667
0 0.6229150493411457 0.3815087059037037 0.02276831981770838 0.019625218429629644
