5 0.026067830911234376 0.42311199164444446 0.05106728575409375 0.07413203393148146
1 0.9829406062057291 0.40141775995694445 0.008587127609375026 0.04427141344166667
3 0.6301481547447917 0.43012288645231483 0.11644145035416666 0.08018468934537035
7 0.399238778615625 0.40915859938240745 0.026580455840625027 0.045686153846296325
4 0.33833624300312504 0.4027914198953704 0.05999999999999996 0.11224615384629631
7 0.2686509317994792 0.42511674899814816 0.027179487179166656 0.0442165242166667
3 0.2461097034919271 0.4337716407587963 0.038923076923437494 0.0511452991453704
3 0.2094324570434896 0.44036176296712964 0.049197085249479175 0.060958004619444416
2 0.03471725313773437 0.44946888009351854 0.01133023781505208 0.04664612527407407
8 0.5612411957908854 0.47698826886944445 0.08841306584531244 0.16068703371481488
1 0.8803055475677084 0.40354451700694444 0.007454103822916736 0.033129350336111134
1 0.9571866774869792 0.40103610984074073 0.007743323057291699 0.04198151274629627
4 0.44024644765 0.39307925765787044 0.011004273504166662 0.020132953465740715
3 0.3070991958973958 0.4297320115212963 0.021923076922916646 0.03965811965740745
3 0.42856934841614586 0.40154938127500006 0.009437321937499969 0.014403292181481484
5 0.2046160271841146 0.4190482799384259 0.04738461538489584 0.06947008546944444
0 0.5143228475817708 0.3911628416805556 0.045151667315625 0.00853333333333334
3 0.28617629855 0.4352241123976852 0.04002495880729168 0.04858971382685185
0 0.4616423051997396 0.3946156932388889 0.006538461538020831 0.009116809116666713
3 0.016272950300716148 0.45054254159212964 0.030913659385859375 0.03847033168055555
3 0.41404253929947915 0.4116688621236111 0.01780626780624998 0.0313390313398148
8 0.37579845402369794 0.4746029047583334 0.07907313338281247 0.13230537350370367
5 0.4509371769945312 0.39427381289722224 0.007692307692187524 0.018461538461111125
2 0.9423946856354167 0.45992330920185187 0.06762362990624998 0.14121054287407406
3 0.38096393531093753 0.42314013784351856 0.02636307692291672 0.03662769230740742
