1 0.943525 0.439364 0.030307 0.180189
0 0.490195 0.401041 0.004274 0.011396
1 0.914676 0.442035 0.02826 0.150087
0 0.501774 0.400027 0.00454 0.007912
0 0.473876 0.400071 0.011984 0.008833
8 0.507739 0.404432 0.004485 0.020242
8 0.523955 0.410106 0.005866 0.027296
3 0.092248 0.452589 0.050983 0.060063
5 0.484794 0.400138 0.008281 0.016561
1 0.530314 0.407012 0.003307 0.016357
3 0.526936 0.405734 0.009488 0.015335
8 0.498595 0.404125 0.003105 0.014721
3 0.514716 0.406119 0.010505 0.015028
1 0.53905 0.404892 0.003968 0.019935
3 0.494628 0.403052 0.006556 0.010734
1 0.966662 0.4104 0.025537 0.117486
1 0.020674 0.441107 0.009688 0.047697
