0 0.658048 0.42315 0.090605 0.044625
2 0.990597 0.446528 0.019189 0.082721
3 0.763292 0.439601 0.037838 0.050332
3 0.785817 0.44245 0.047454 0.055714
3 0.834722 0.446598 0.061343 0.063356
1 0.875431 0.433382 0.012526 0.056731
3 0.735341 0.438171 0.028045 0.046059
6 0.942122 0.450083 0.074227 0.107575
4 0.335199 0.426163 0.031606 0.044793
3 0.331418 0.439521 0.015937 0.020893
3 0.356164 0.439446 0.026442 0.027382
3 0.126 0.592636 0.252 0.410062
4 0.277019 0.42549 0.049769 0.063153
4 0.311778 0.426788 0.039263 0.05144
4 0.198745 0.429946 0.064192 0.070104
4 0.243568 0.429766 0.050629 0.062692
2 0.324651 0.439205 0.007212 0.027224
3 0.547545 0.532041 0.188105 0.291201
3 0.288681 0.447356 0.033824 0.039871
0 0.809126 0.421398 0.019684 0.015906
7 0.681469 0.418933 0.027161 0.038154
