0 0.45151337693437493 0.395585919175 0.024992257613541645 0.015828467383333326
3 0.4186604027255208 0.40451614872222225 0.008867085955208331 0.014272546762962935
3 0.4041378414179687 0.40757990741435185 0.01354027990468752 0.019385100826851884
3 0.5238909523989583 0.3996163633430556 0.00818807486875001 0.012781385160185194
3 0.28103559666119793 0.4197641737819444 0.02430060853697918 0.031041383256481463
3 0.13888180419062499 0.4492700386865741 0.04969402550416668 0.05389040988055556
7 0.5929820484062501 0.43360482294212965 0.054414957927083306 0.08641901466388892
3 0.467952676390625 0.4136646024944444 0.019291903227083296 0.028758116611111113
3 0.4940344355 0.4058295366851852 0.014379058305208284 0.02023719317037039
3 0.31914010117135416 0.4184308196824074 0.019124147546875036 0.02428463180555559
3 0.34940801890494794 0.4143407764310185 0.019267938129687502 0.028374675056481478
3 0.5134705422307292 0.40042359752824075 0.008627434983333277 0.014110649217592567
3 0.39125660168567705 0.40896455747314814 0.014139407333854118 0.019598123912962936
0 0.4963768630971354 0.39625192493194444 0.014974575498437481 0.011624196350925963
0 0.5189481511059896 0.39864000753240747 0.004094037433854147 0.007988365725925917
3 0.5059171295166667 0.4040543443018519 0.01118371201562501 0.0170418468814815
5 0.42908599620052085 0.39871368076064817 0.010352921980208348 0.019938960850925908
