0 0.45990647637005205 0.39901038340648154 0.027051875240104134 0.012595039883333346
0 0.4837155336484375 0.3953244494097222 0.01949786324791667 0.010604621715740777
3 0.4390472190138021 0.40714842281111113 0.006384301888020793 0.00981610380370373
0 0.4395648651127604 0.40085998131203704 0.006384301888020852 0.005828311633333343
3 0.43197272232734374 0.4060747864578704 0.006729399286979169 0.008895844071296281
3 0.4450001491523437 0.4056146565921297 0.006901947986979155 0.00981610380277776
3 0.4822982760726563 0.4070870721625 0.005176460990104144 0.008834493423148142
3 0.5009335356369791 0.4175780331027778 0.01263056481562502 0.018037090738888897
0 0.5013476525161458 0.3971482670615741 0.014287032332291656 0.0058896622824074
3 0.37914179999895836 0.4201622096898148 0.01490820765104169 0.01678553750370371
3 0.256198995896875 0.4355195276490741 0.03190356437395835 0.032334245927777804
7 0.629573811390625 0.4324093913097223 0.04800442863541671 0.07102932712129625
3 0.47795004884114584 0.4104000071958333 0.008489396023958307 0.011779324563888884
3 0.42670998698749996 0.41128959160370365 0.007937240184374991 0.009509350559259257
3 0.4892347337994791 0.4126086305518519 0.00869645446354165 0.013251740135185196
3 0.41765118025494796 0.41451050066388895 0.009145081082812527 0.012270129753703693
3 0.5034182369122395 0.40947974746435184 0.009731746660937486 0.013619844026851841
3 0.47194535409244787 0.421443123975 0.015943499849479122 0.02355864912777777
3 0.3874655492708333 0.41596582531388887 0.007702573953125006 0.011926566120370368
3 0.42015313639999996 0.40760855267731483 0.008282337584375021 0.010122857047222232
3 0.3241804227869791 0.425713239949537 0.019380669946874995 0.020142645004629645
3 0.412043347515625 0.4125166045787037 0.007937240184374991 0.012576882998148164
