0 0.34331461641041666 0.41431954955185185 0.014162797268750004 0.025178306255555512
8 0.9767628205130208 0.5185185185185185 0.04647435897395837 0.21652421652407414
3 0.48862624280625 0.46398562087314815 0.07962624000208335 0.10684888615370366
3 0.4481979754544271 0.4201606332189815 0.02318376068385414 0.0345679012342593
1 0.48612842697161457 0.41131925714074075 0.003917378917187501 0.018518518518518517
5 0.3874978430513021 0.4265354120893519 0.08312930461510414 0.11852878769166672
1 0.49863733010520833 0.4114775350763889 0.004718660968749984 0.018835074389814795
1 0.5231199497760417 0.41269851344861114 0.0037145900625000414 0.01214231590277774
1 0.5259957614375 0.41355060579212966 0.003474939093750014 0.015550685278703706
1 0.5318672102447917 0.41610688282453706 0.007069703666666646 0.022793470202777794
0 0.49946300164999996 0.41393084308518524 0.04366560848125 0.014245014244444472
