9 0.618552 0.458205 0.003828 0.01377
8 0.636513 0.455288 0.013914 0.018994
9 0.63896 0.479874 0.005609 0.021754
9 0.643978 0.471135 0.005431 0.018677
9 0.647147 0.474561 0.00641 0.020893
3 0.425673 0.447014 0.035613 0.024375
5 0.568854 0.442679 0.040153 0.029123
3 0.553142 0.517571 0.084615 0.132376
3 0.500692 0.443192 0.012553 0.018519
3 0.082648 0.496447 0.083983 0.090958
9 0.857012 0.59444 0.016719 0.070987
9 0.654795 0.505639 0.007372 0.026971
9 0.628472 0.463993 0.004363 0.015828
9 0.683973 0.51771 0.012286 0.037512
9 0.638957 0.494201 0.007479 0.023742
3 0.521363 0.451885 0.020833 0.028965
1 0.554086 0.446949 0.006143 0.018031
0 0.465037 0.443294 0.018884 0.022001
9 0.72969 0.537153 0.010076 0.044021
0 0.54317 0.449184 0.006626 0.009571
