0 0.3680346917317709 0.46058640016249996 0.06732881887187497 0.03975416852499994
3 0.32491857289401044 0.4636051719212963 0.03400997150989582 0.0373216446685185
10 0.6049824843255209 0.46490685896342593 0.01111111110937498 0.03342830009537039
3 0.13482287551796873 0.5030622306194444 0.09995611967239584 0.10064801064629635
3 0.7334868187760416 0.5133174528708334 0.09501868847916661 0.10990030896759265
6 0.5379774095078125 0.4558901499032407 0.00844017094270839 0.024691358025000016
3 0.2761684611044271 0.4711173936402778 0.03703703703697917 0.04296929408055561
3 0.5645978456380208 0.45356922455000004 0.00890313390104159 0.014086736309259239
3 0.5461423783984375 0.4537275024861111 0.009526353276041632 0.013453624564814854
3 0.21060332307708332 0.472131881162037 0.053538461538541665 0.05842051282037031
3 0.5884361869479167 0.46216018624675925 0.01860754985416667 0.02548274770462958
0 0.5972087233723958 0.4746516822662037 0.0063843018906249915 0.018711947874999958
0 0.5709101488411458 0.4560544373111111 0.031990824817708347 0.028882051281481448
