3 0.124126 0.468332 0.092983 0.103218
6 0.691964 0.405533 0.030699 0.031128
3 0.206936 0.424059 0.02625 0.024678
1 0.226727 0.42714 0.005784 0.034012
5 0.266833 0.420818 0.01559 0.031512
1 0.942317 0.447724 0.025032 0.119732
3 0.72622 0.409403 0.02525 0.039033
3 0.327887 0.419415 0.022168 0.028703
4 0.381711 0.400616 0.021178 0.035594
5 0.400318 0.398734 0.016729 0.033379
1 0.25491 0.421167 0.007653 0.039865
3 0.35858 0.416733 0.018153 0.026387
3 0.433199 0.410408 0.006407 0.011706
3 0.411725 0.41167 0.021267 0.031955
3 0.485343 0.434625 0.05779 0.100459
3 0.423322 0.409459 0.016017 0.026893
4 0.543718 0.395844 0.057938 0.105298
7 0.441612 0.404588 0.011746 0.019774
3 0.187493 0.422951 0.024204 0.027209
3 0.517757 0.472634 0.100377 0.156798
3 0.419627 0.412489 0.011301 0.023887
4 0.610124 0.395633 0.12839 0.198127
