0 0.446429360475 0.410422876425 0.02484701275208329 0.0117793245648148
0 0.4194082341070312 0.42643539575416667 0.008075279144270848 0.01582846738240741
4 0.4255164580752604 0.4146560711902778 0.01366585701406251 0.028343999732407435
3 0.4307179572210938 0.4299591093620371 0.02057332655885412 0.029683897901851813
4 0.5681044657994792 0.40693713530740744 0.0560548607656249 0.04664612527407407
1 0.6629206664609375 0.420983979850463 0.01490820765104175 0.06413842225092595
7 0.5208903073354166 0.431447002587963 0.04870014499583336 0.0728845707407407
3 0.4530952293825521 0.4466349261324074 0.05015121053906254 0.0704356491629629
3 0.6294366446955729 0.5687226789046297 0.22385930223385414 0.28839263592962966
3 0.22955344936354166 0.5373144333995371 0.21484282518020834 0.30471351768796295
