0 0.3727696781015625 0.4269270920611111 0.006588319088541657 0.018201962646296276
5 0.3907854156536459 0.4183204438800926 0.00836894586875001 0.0196264640712963
0 0.00845451633935052 0.44737427755000003 0.01661086852567396 0.03212703844259258
0 0.057908751606093746 0.4354875526990741 0.03226660683781249 0.043314694155555576
3 0.8209169113385416 0.5577174253583334 0.23947550890624994 0.29641492332962965
3 0.5052821219125 0.43600976683240744 0.020705982906250024 0.0364039252925926
3 0.4744116563091146 0.49388913589722216 0.09578290155885416 0.13639442151111106
3 0.3923530651731771 0.4248580040337963 0.010060541310937528 0.013928458373148142
3 0.3824182361132813 0.4273790549990741 0.013710826210937496 0.019626464070370383
3 0.030123437695085936 0.4590269561282408 0.05879746631295312 0.06915780285833333
3 0.3573089768539063 0.43144755768981485 0.013532763532812513 0.019784742007407447
3 0.3668385164552083 0.42771076908611116 0.012464387464583322 0.021842355175925938
3 0.41406133675494794 0.44685474667962966 0.040954415954687504 0.06222222222222227
3 0.3119100167401041 0.4334050885537037 0.012019230768750036 0.017885406774074082
3 0.18059965883091145 0.5709388879171297 0.28920319107463544 0.3743809533342593
0 0.48359784858593746 0.41821962516481487 0.03879487179479166 0.018394099757407408
3 0.32521642699661457 0.4355993272370371 0.018429487179687478 0.022475466920370377
0 0.4206334688875 0.4163331729912037 0.04433760683750006 0.02105096549537035
3 0.46495974961484376 0.42205353445046295 0.008814102564062468 0.013295346628703705
3 0.3358648885348958 0.43204078339444446 0.013087606837499995 0.021842355175925886
3 0.4518902339450521 0.429716131475 0.012019230769270865 0.02279202279259262
3 0.4350375022526042 0.4364594161435185 0.022168803418749997 0.03121002588333334
5 0.5109076062427084 0.4193189406217593 0.02270299145208329 0.059354226021296315
3 0.34607077172578127 0.43206415787962965 0.018696581196354187 0.02769863880925922
3 0.5598060791770832 0.4567251729740741 0.044982193729166654 0.0715163026277778
5 0.6178046303333334 0.45321264859259264 0.1264620923125 0.1704950889518519
3 0.2967130794182291 0.43586979257407404 0.023860398860416687 0.030389363722222253
