4 0.37098727505859375 0.4234308227814815 0.016914226900520822 0.04268770053148148
7 0.6725523871354167 0.4305290434620371 0.05023916212500007 0.09004353617592589
4 0.197847548953125 0.431731705625926 0.06513634330312498 0.10287230417222225
3 0.9237479427057292 0.6930385613689815 0.15211561517187502 0.5735922617805554
5 0.5863993531119791 0.42062909834583334 0.03643155198437498 0.09146676080092592
0 0.6376270918046875 0.41397454880787043 0.019463257015625027 0.02171786598796296
7 0.7456325813046873 0.44510985846435186 0.06961645952604165 0.09883628530648145
3 0.6192262612578124 0.48493257491851854 0.09136640374479169 0.12297777681851854
3 0.7776424479635416 0.5011638856486111 0.14533604903124994 0.19553224145833334
5 0.47914651169817707 0.41035958181944443 0.19880536200989585 0.4668289718259259
4 0.33553177465234374 0.42177268711157406 0.03169477188802088 0.0523578068675926
