0 0.791324679140625 0.38800367314305556 0.02789537311458332 0.013037012863888878
1 0.9360486840364582 0.41255184805462963 0.004457508072916738 0.015593289896296283
9 0.3767511953533854 0.4302816992069445 0.0038344155484375383 0.014485569849074094
9 0.3690823642570313 0.4361398340726852 0.004074066520312473 0.01597673145092592
3 0.3299787480614583 0.4271729999050926 0.030153846154166667 0.03692307692314816
3 0.4877136752132813 0.6210826210824075 0.31837606837552085 0.48622981956296296
9 0.9934555794192709 0.4538497965074074 0.009025000192708296 0.03904878540740742
8 0.28394679729218747 0.44100141973425927 0.03932307692291666 0.08106666666666669
1 0.21625866724921874 0.42009110584351855 0.005607832739062513 0.026074025727777755
1 0.21532402845911458 0.42251956902361115 0.004601298657812514 0.02172835477314813
1 0.3700556711385417 0.41295077768287036 0.004153846154166688 0.01887179487129629
1 0.3639018249846354 0.4115832563157407 0.004153846153645802 0.022153846153703735
2 0.8451929821744791 0.4140704402134259 0.016771733609375044 0.034233662013888916
1 0.10848633610104165 0.43035265625740743 0.00706970366666666 0.02045021625740741
7 0.15176969505989582 0.4345120257416667 0.04658814891041665 0.05300696053888885
4 0.022485359290921877 0.4069633498643519 0.04390234251346875 0.19674826773611115
1 0.11453752313802083 0.4302461447138889 0.006230925265624994 0.02577579340740741
3 0.632928735359375 0.4932995673736112 0.12118154479166658 0.1582779360564815
6 0.04348484442619792 0.43778971823611107 0.020705843960104164 0.03681038926296296
3 0.7631417248619792 0.3970784566064815 0.02760779194270834 0.01840519463148151
4 0.5500970849197917 0.4001073871828704 0.15635728184791672 0.20291064493981487
1 0.12004949548854166 0.42651824070925926 0.006949878181249991 0.03493578610555553
3 0.7448361823359375 0.5482571840597222 0.2250514403281251 0.2593999507583333
