3 0.375647 0.421256 0.011503 0.019683
3 0.916934 0.556505 0.166132 0.269706
3 0.366948 0.422151 0.014523 0.023518
2 0.12921 0.466844 0.026191 0.090833
5 0.035835 0.441575 0.07167 0.156695
3 0.359255 0.423173 0.012941 0.018916
5 0.299366 0.417533 0.052594 0.072394
5 0.387013 0.417869 0.015338 0.024711
0 0.514942 0.420837 0.006499 0.010605
3 0.500225 0.427903 0.028574 0.047485
4 0.533801 0.405412 0.028125 0.060737
4 0.561756 0.4041 0.045553 0.09129
7 0.655308 0.440913 0.072305 0.114407
3 0.798536 0.501203 0.142718 0.174032
5 0.339048 0.411971 0.046444 0.062373
3 0.224069 0.441782 0.037098 0.051841
1 0.395248 0.418915 0.003994 0.018995
3 0.258161 0.442156 0.03589 0.039878
3 0.488423 0.421936 0.012464 0.021842
5 0.149755 0.436273 0.078358 0.101773
1 0.600143 0.415926 0.006902 0.033436
3 0.169547 0.452829 0.049197 0.062018
4 0.546819 0.404836 0.036914 0.075829
7 0.274104 0.435497 0.023984 0.046626
3 0.617457 0.447355 0.039341 0.071044
3 0.197099 0.452514 0.036442 0.052271
