3 0.342819 0.484587 0.021897 0.026716
7 0.786934 0.530682 0.129322 0.204259
6 0.528438 0.484285 0.018387 0.037046
3 0.537504 0.46923 0.010185 0.01406
2 0.572807 0.496495 0.013286 0.059817
0 0.552205 0.484001 0.058736 0.049462
3 0.561473 0.475912 0.012082 0.021302
8 0.878294 0.591959 0.047187 0.158278
7 0.555782 0.469965 0.010285 0.021835
3 0.594983 0.486406 0.027083 0.049473
3 0.643092 0.500824 0.051165 0.082055
3 0.713256 0.52656 0.100469 0.135562
3 0.612858 0.494145 0.035064 0.050887
3 0.659908 0.511637 0.057605 0.083327
