3 0.175748 0.3719 0.02744 0.024498
0 0.313989 0.397963 0.015457 0.009586
0 0.004637 0.389323 0.007728 0.036638
3 0.059925 0.395065 0.044426 0.045586
0 0.079103 0.349449 0.015736 0.015092
3 0.234507 0.40759 0.028125 0.030675
3 0.087967 0.474301 0.096605 0.111442
3 0.413133 0.44298 0.051433 0.068909
5 0.487895 0.403281 0.015817 0.035362
3 0.101312 0.398344 0.043293 0.039437
3 0.367222 0.428736 0.033792 0.044172
3 0.427968 0.428722 0.031231 0.050308
3 0.163851 0.397471 0.040848 0.039755
3 0.484359 0.438427 0.052386 0.078774
3 0.194682 0.402757 0.030438 0.027976
3 0.048684 0.328726 0.043068 0.045277
3 0.466808 0.414963 0.010904 0.014699
