8 0.8441564109713542 0.4249720633958334 0.01118371201562501 0.05219065607314814
3 0.46955870133072913 0.6549233231333333 0.2948569563177083 0.40119060180740734
8 0.8778573288723958 0.43003136168842593 0.012881239734375072 0.05378832921759261
1 0.9662163341458334 0.4249790505527778 0.009346387895833292 0.04686507892222223
2 0.8636280524244792 0.4292325251157407 0.012581676015625001 0.04153950177222222
3 0.48981621724322916 0.41191347989907406 0.006690256294791652 0.010651154300000002
3 0.36018115769921877 0.4220503728587963 0.0176742591671875 0.02449765489166664
3 0.08332046738661458 0.44764791638240736 0.06599007685697916 0.06254821343518516
4 0.29088614733593754 0.4097518738916667 0.04944555537708333 0.06405007731666665
3 0.21784089924661457 0.4359903193583333 0.04422768269947917 0.054332134551851846
4 0.5869342915260416 0.4064880024777778 0.04812327748958332 0.06036903839074073
7 0.6780689862083332 0.43787003117870377 0.05070447068750011 0.07600609175000005
0 0.5011297402018229 0.4071204604638889 0.017374695452604172 0.015124639107407412
1 0.8683726922734375 0.4040915419712963 0.0038344155468749363 0.015763708364814864
3 0.8170298335703126 0.4064573797726852 0.02911759306770835 0.020663239343518516
1 0.93636872184375 0.4128148320263889 0.006901947989583353 0.03435636331203703
3 0.3948501089828125 0.4189098606944444 0.012731481481250029 0.0177271288388889
4 0.5449442880395833 0.4061198985851852 0.06294576563958335 0.09423459651296301
4 0.3661320815942708 0.40900270884027784 0.026941580549999955 0.038166636243518536
0 0.0752221357358854 0.43651645466944444 0.0503897418615625 0.050886682116666714
4 0.40618557906822916 0.4078082462597223 0.019675925926041712 0.022000633112037035
3 0.018596856021304425 0.4643038813157408 0.03657543885489114 0.11211353803888895
3 0.42016349929635416 0.4144559195736111 0.008101851852083305 0.011870845204629598
1 0.26591847367317706 0.501528554512037 0.05185251134322914 0.19784742007037043
3 0.5109853864153646 0.41377743190185184 0.00768880201093752 0.01260386592222218
3 0.2512601313984375 0.4337816960023148 0.04397921257187501 0.07288457073981484
0 0.7034275426223959 0.4173057877518519 0.008627434984374934 0.02198398247592595
3 0.38403280129062506 0.4169313864935185 0.012464387464583322 0.017568850901851837
0 0.8276343890729165 0.39878854867592595 0.016775568020833374 0.009159992698148125
3 0.15485372191953126 0.4384198050495371 0.060378240988020825 0.07244284606944447
