1 0.5956169560729166 0.4590374009365741 0.004627981458333371 0.022942130289814813
3 0.7042923261614582 0.5034679914597223 0.1414940960833333 0.18544949693611115
3 0.1624459405377604 0.4636879220620371 0.042959880078645825 0.0536555581796296
3 0.18845267869348958 0.4612272599217593 0.0412160908421875 0.05495478778981488
3 0.21539961192994792 0.4643170313486112 0.03705945149843748 0.04196036519351854
0 0.4855840659648437 0.4192330395347222 0.04171692623281249 0.024661999984259247
3 0.4945535869666667 0.49423139496620366 0.09907448082708334 0.1367092715768518
3 0.3061758740533854 0.4668714045476852 0.027489679740104182 0.03787053868796296
3 0.28769961250416665 0.46544256030972225 0.03246114620520834 0.044896378241666715
3 0.23882725969479165 0.4662027916773148 0.02691349215416666 0.035315058487962965
3 0.12978426576197916 0.4602430951837963 0.05299871311354168 0.06610958925462963
3 0.5590948686380208 0.4590965234143519 0.04470870073437503 0.05666781821388888
3 0.2590412552065104 0.46476477817222217 0.03218802839531252 0.0383120933685185
3 0.9610329714947916 0.4410690473981482 0.07437403531249996 0.14239942938888886
