2 0.013447600520390625 0.42923611447638893 0.01467012237203125 0.04111469590277776
4 0.4998042679815104 0.4078973071402778 0.013981239577604162 0.03023826478981483
4 0.3109193894664062 0.41294789740000004 0.03313721759322916 0.05412412206851851
7 0.15590195105260415 0.4167416092319444 0.07151287700104166 0.12936769748425928
1 0.632540974984375 0.41178809160324076 0.0032603345729166713 0.016648815525000034
0 0.5083867258510417 0.4076152173351852 0.004888879823958329 0.0153376621925926
3 0.19199712555520834 0.431568877699537 0.025600801786458315 0.034006558178703704
1 0.9653375291822915 0.4259352134449074 0.008269921927083246 0.04645006066944443
1 0.8485177614192707 0.4046815186814815 0.004363571588541622 0.020897648964814802
1 0.7921659449296875 0.42006553394953705 0.008078841109375052 0.03647589637499998
1 0.6391036359895833 0.41406792723333335 0.0033839942916666626 0.016775652157407443
3 0.6818464283072917 0.43711743970787037 0.056727314041666685 0.06972732351018518
3 0.9113295969218749 0.48832074255092595 0.1445285018020834 0.13718555445925926
3 0.4897858638255208 0.4118551952018519 0.005699358808333284 0.009973877914814801
3 0.2529905717916667 0.43446598598703706 0.04846318073020832 0.07106092217222221
3 0.5126723515414062 0.41446740132268517 0.008549038213020842 0.01298187284166664
0 0.5205980223848958 0.41343835042638893 0.004630729032291647 0.009973877915740717
4 0.5176592904986979 0.4063141519157408 0.010151982877604186 0.022322488666666664
4 0.5288353769114583 0.40797646490138895 0.014159344541666622 0.027863531952777767
1 0.6597192854270834 0.4158122945925926 0.0045416765520833735 0.021847542100000006
1 0.8297911039296876 0.397746678775463 0.003795374796874995 0.019709314734259287
3 0.6036330017526041 0.43061708677361116 0.03543812863020837 0.04369508419907409
0 0.822294495078125 0.3980130208662037 0.03936351903124991 0.016335648247222213
3 0.47148094164843746 0.6545736486097223 0.294615292578125 0.40081862223055553
