1 0.8369539676953125 0.41024263234212965 0.010007824578125005 0.05644259686944445
4 0.6207247563567707 0.40356046508148147 0.060875181244791673 0.047117298255555586
3 0.9686185425260416 0.4874960430513889 0.0621665866458334 0.15194681861388892
3 0.9057848982708333 0.47936718507222226 0.11664181666666663 0.13230537350370372
3 0.826715304375 0.46489699160462966 0.09317629782291673 0.11131461712962969
1 0.841957879984375 0.41745133357222225 0.011043116781250006 0.05613584362592595
3 0.3203415012315104 0.4283859831398148 0.049607751154687504 0.037577272372222234
1 0.6841031747734374 0.4106990237476852 0.005876068380208347 0.03577081354907408
3 0.5084878426325521 0.45707972973796296 0.06615384615156253 0.09299145299074076
0 0.4602267343713542 0.4038455984305556 0.010238603988541683 0.008705286483333328
0 0.5022224608669271 0.40467054303379635 0.04567307692239583 0.013295346628703705
3 0.5345958369348959 0.42432243287175925 0.024679487182291678 0.04254510921203705
7 0.5562714779609375 0.4128777984939815 0.01923076923437499 0.03532763532685187
1 0.5942923184166666 0.41708160982638887 0.006499287749999993 0.028490028489814807
0 0.6243403953385416 0.4204054464837963 0.007478632479166691 0.01804368471018518
3 0.6521341987578125 0.42411864686342593 0.022702991453124946 0.04162709718240742
3 0.6426523611536458 0.421427921950926 0.019764957265624973 0.03308008863518518
0 0.5420790221901041 0.3870803801111111 0.00970441595312496 0.012345679012962992
4 0.5686976119322916 0.39117661309583335 0.011217948718750037 0.018676796454629614
4 0.5908218996796876 0.3895938337356482 0.009526353276041632 0.01741057296574074
3 0.48052445516927084 0.4245072002032408 0.024127492877083333 0.03450459006018515
3 0.7428559737473959 0.4421092992694445 0.053006960536458314 0.08540010308888885
1 0.5138617058815104 0.41553917234629634 0.005163817664062501 0.02928141817037034
3 0.3666217082294271 0.4487877323842593 0.06410529290052083 0.07898037120185193
3 0.5420744694140626 0.41995396183703704 0.02361111110937498 0.038366571700000004
3 0.7216324836875001 0.4413730914837963 0.04617403203124996 0.06920353181388893
0 0.5834473753958334 0.4041147215708334 0.005341880343749968 0.006331117441666676
1 0.6911811662265624 0.4074543260583333 0.006499287744791597 0.0346628679962963
1 0.6021270762526041 0.41629022014675926 0.006321225067708387 0.029123140234259243
3 0.04862531683528646 0.4362005817416667 0.07165821053567709 0.06196415525925924
3 0.6640270050286458 0.42522975797453705 0.03730769230729163 0.04923076923055558
3 0.5802403349401042 0.4428091519606482 0.04353846153645833 0.06974358974351849
3 0.6483503668489584 0.42285242337546297 0.02047720797916668 0.03719531497314813
5 0.26652834006276044 0.41730566169166666 0.06377399939739584 0.10196477825740739
3 0.6393582016067708 0.4183415021976852 0.021901709401041695 0.03577081354907408
3 0.4426108511807291 0.4248657946953704 0.026068376068750017 0.030959164292592597
4 0.5559661304505208 0.39109747412824075 0.012820512817708263 0.017252295030555562
3 0.7782753904270834 0.4443915434032407 0.08427278491666665 0.11263979114351849
4 0.5802716860078124 0.39014780651157405 0.010505698005208331 0.017252295030555562
