3 0.12809676431510417 0.4260531144708333 0.075344367325 0.05494500800833338
1 0.7482544023177082 0.40756665174675927 0.007864019843749995 0.037526550813888886
1 0.21624378764557292 0.44083964788842595 0.010578933446354188 0.07026008628611112
3 0.46665318792005206 0.6514905660851852 0.29470081385781244 0.4262897100370371
3 0.3359529583213542 0.4869842400175926 0.096716335290625 0.13549821676481483
7 0.6950123276822917 0.38434920902222225 0.029603923416666688 0.03243482300555553
7 0.45980636834375 0.44615113184259264 0.06993187399895835 0.13209460405000004
0 0.4918809207927083 0.43099606483611114 0.10043619434166662 0.03176154554999997
0 0.49502732579322917 0.4007800283837963 0.013792489766666687 0.02942397816944446
0 0.5038553279286458 0.3978962713777778 0.0036483360031249745 0.007593284688888852
3 0.3639772545390625 0.4511643898013889 0.06827122263749998 0.08659989321944442
7 0.8553609961744791 0.5371471580560185 0.28771430266145825 0.6072464707268519
3 0.5336195311927083 0.40417173485972224 0.008542445270833395 0.012971861343518543
3 0.4999845324132812 0.39781717466250005 0.005516995906770817 0.009333412430555549
3 0.6114481283385416 0.4776291249907408 0.09290968499999994 0.12556984516851855
3 0.5234469026119792 0.4002485377703704 0.016906922942708333 0.02720927013518514
0 0.7356514742135417 0.3882764937430555 0.017351637416666676 0.019181178950925925
3 0.5766653071953125 0.44354864091851853 0.059071009078125056 0.0954475885388889
1 0.2564285055127604 0.516706360737037 0.16514441663177087 0.19530126568518513
3 0.7123305611484375 0.5048678245356483 0.16092267966145832 0.22707197496203707
