3 0.422742 0.491077 0.04538 0.046933
5 0.675209 0.46506 0.062481 0.146998
3 0.353293 0.497023 0.057876 0.059646
3 0.297616 0.501162 0.074293 0.070234
0 0.135598 0.463372 0.265854 0.035435
3 0.394752 0.493402 0.047091 0.05283
3 0.914469 0.60379 0.169994 0.247326
9 0.938312 0.705732 0.122308 0.166299
3 0.058122 0.623932 0.116244 0.305793
9 0.784168 0.575124 0.015874 0.06238
0 0.74166 0.492355 0.074839 0.070499
3 0.761792 0.510268 0.048624 0.079723
3 0.846058 0.562218 0.105908 0.166442
3 0.7895 0.519914 0.052406 0.097519
3 0.146528 0.601952 0.28985 0.280511
3 0.814675 0.533425 0.081562 0.127303
3 0.217433 0.573944 0.277816 0.211631
