3 0.6640822030390624 0.4152182313916667 0.012731481484374996 0.017094017094444414
1 0.3273888128934896 0.4243546300606481 0.0052528490026041656 0.023425134536111142
1 0.7127581412838543 0.41263089431435185 0.004451566953124934 0.015349454374999995
1 0.6714249492734374 0.42226389123842595 0.004985754984375035 0.03355492244351852
1 0.8362441215572917 0.4319656340277778 0.010730056979166729 0.07599873377592596
1 0.8118161226197917 0.43226714564074076 0.01788597151041659 0.09139505919629633
1 0.7747335581744791 0.4295347887175926 0.012410968661458336 0.07108615820185188
1 0.8974476761744792 0.44026888479722226 0.018325971755208316 0.06186190417777782
1 0.9198393956927083 0.44277403628888895 0.014701149208333437 0.10012425879444449
4 0.3974831861127604 0.4120446938263889 0.02532051282031252 0.018278220047222217
7 0.5145687980625 0.42400520945972225 0.031499287749999993 0.047894903450925966
3 0.5575667583359375 0.4306525434263889 0.029558404557291595 0.04874960430462962
3 0.48239818998125 0.43849997439629634 0.036413817663541674 0.04890788224074072
3 0.6132431331510416 0.47340170598425924 0.08253579467708339 0.12194463954074072
1 0.8302513075781249 0.4303514683370371 0.01376723646875 0.09343547666851848
3 0.5281275061828125 0.4524105477810185 0.05405982906145835 0.0734611409472222
1 0.7814820360104167 0.4300461572263889 0.014601139604166728 0.0677429566324074
3 0.6870298917109375 0.4177780407833333 0.020121082619791626 0.013770180437037047
1 0.8702787692317708 0.4299069676601852 0.018923076921875056 0.0938562836333333
3 0.5831142227786458 0.42298995708472226 0.01647079772395834 0.028824568528703715
1 0.9298817300130208 0.4376205817921296 0.015322324526041696 0.10380529772129626
3 0.6467671821536458 0.41550575091111114 0.011039886036458313 0.018674571953703714
1 0.9838084347317708 0.42740518751620377 0.013848877859375008 0.09775373789351854
1 0.6795713167942707 0.42487547718333335 0.007567663817708355 0.04036087369444446
3 0.02095699384886224 0.46371939138935186 0.041362729113108856 0.07556225138425927
0 0.6336271021276042 0.3998182951087963 0.015466292578125025 0.029359775987962976
3 0.5673867811276042 0.42647193943796297 0.02065527065104161 0.03165558721111113
4 0.6136750930807292 0.4026403025662037 0.03509528091145834 0.0658087850583333
1 0.42378368468828126 0.42011903651851856 0.00400641025677082 0.018201962646296276
1 0.395836106340625 0.4261537310421296 0.005074786324999951 0.02532446976944445
0 0.5799505418359375 0.41286383932870374 0.012286324786458398 0.01614434947777773
1 0.8258310636692707 0.43091787403750004 0.010304991786458354 0.07668831096388892
1 0.8707755328385417 0.4256928097 0.009705864354166613 0.08286598045740742
4 0.6806250364427083 0.40863321064722224 0.021729886041666664 0.02710351377037036
