0 0.4198828761953125 0.41823208192777783 0.02475071225104166 0.014719848053703676
0 0.3752413199125 0.4277703657365741 0.03876133989374999 0.014135189476851854
0 0.3993263234888021 0.41811280367546294 0.009615384615104123 0.010921177587962969
3 0.39563401579635415 0.4294929872777778 0.010042735042708332 0.013865147198148133
7 0.43840638046874997 0.42075883089907407 0.01228632478645828 0.01823361823333332
1 0.24941635387421876 0.4441231452087963 0.005897435897395849 0.028262108262037004
1 0.24501381826197918 0.4367641261773148 0.004166666666666667 0.018423551756481516
1 0.24166028164088543 0.43987705556574075 0.0061431623932291695 0.025482747705555548
0 0.18461706796588545 0.42984089222268523 0.030428564102604156 0.03342830009537039
3 0.106092909359375 0.4576590251550926 0.03333333333333333 0.033998100663888906
7 0.4548194008505208 0.42664284475231484 0.0077457264958333384 0.015669515669444443
3 0.44625642630885415 0.4315341176351852 0.011908951201041636 0.01717818165555556
3 0.5120053880979166 0.448160063650926 0.0434822723145834 0.06533844094074068
8 0.6934246148802083 0.44878134449305557 0.011388214177083356 0.028552591937962977
4 0.7382678388151043 0.410919867425463 0.08587127606770828 0.1054838514712963
4 0.9872626105755208 0.40598813713379633 0.024959551192708318 0.18382813914722226
1 0.22559012494609376 0.4381359982689815 0.00445156695156251 0.02231718898425928
3 0.39034555425807294 0.43367152478981486 0.011217948718229209 0.01614434947777778
0 0.13038196581197917 0.4439369612111111 0.021723646723958323 0.009813232035185191
3 0.3840421354546875 0.43091748870231483 0.007371794871875004 0.010256410256481486
7 0.03890616710140625 0.4562749801402778 0.047209324229479176 0.05337506443055555
3 0.2778501145583333 0.44439695337592594 0.027457264957291668 0.03850393162407405
3 0.4299796572606771 0.4274342344324074 0.008992165242187511 0.015036403925925921
4 0.37651008417239584 0.42294028072499995 0.009829059829166672 0.01937321937407406
3 0.4806877991088542 0.4397243494449074 0.030541119841666624 0.046012986578703716
3 0.25383943079739585 0.43728553837083334 0.018076923077083328 0.020512820512037
7 0.6333711850859376 0.4755161216162037 0.11091706492187504 0.1849942922787037
4 0.6859161768255208 0.41195880385185185 0.059930994755208286 0.09170204173148148
3 0.2332023044330729 0.43766116446111114 0.013621794871354176 0.018201962646296328
4 0.8069829880546874 0.4093928429060185 0.1180730045989583 0.13357754055648152
4 0.911438685984375 0.3938542077828704 0.17605425195833332 0.20773979107314816
