3 0.767912 0.551703 0.231852 0.300435
1 0.031315 0.452941 0.006833 0.035338
8 0.284318 0.43415 0.004601 0.019428
4 0.204315 0.425128 0.059098 0.047291
3 0.361571 0.425974 0.00689 0.010474
0 0.300709 0.429731 0.013117 0.017182
3 0.413877 0.431985 0.015322 0.025031
3 0.553041 0.45417 0.046553 0.067179
4 0.636123 0.412624 0.114137 0.141211
3 0.131842 0.452389 0.041826 0.058529
4 0.531877 0.415673 0.061619 0.082823
5 0.4727 0.463684 0.131898 0.260133
3 0.105546 0.46196 0.057148 0.067363
3 0.612867 0.47337 0.077642 0.098593
4 0.078525 0.432327 0.10208 0.108223
4 0.892361 0.416904 0.215278 0.465337
1 0.029866 0.472083 0.009318 0.023559
