3 0.478476 0.470324 0.070566 0.105572
0 0.412786 0.409415 0.018635 0.01546
3 0.406859 0.418616 0.013533 0.018677
3 0.426179 0.417745 0.012464 0.018519
0 0.316194 0.414563 0.02571 0.024983
3 0.532363 0.425708 0.016471 0.024545
8 0.760703 0.440336 0.019132 0.084369
2 0.447109 0.414202 0.00739 0.028568
3 0.177916 0.416659 0.037215 0.025753
3 0.022103 0.416471 0.04114 0.033019
1 0.042343 0.420972 0.007621 0.042945
3 0.515107 0.427615 0.022525 0.024662
1 0.590366 0.434043 0.013114 0.058897
0 0.505625 0.418421 0.00641 0.018044
1 0.184148 0.414183 0.004808 0.021526
3 0.259559 0.435277 0.031538 0.046952
7 0.046068 0.411678 0.047331 0.038699
3 0.133249 0.433621 0.048718 0.067275
5 0.238269 0.411739 0.032291 0.061812
3 0.438109 0.417263 0.008725 0.013468
3 0.013915 0.41727 0.026961 0.036036
1 0.285042 0.415398 0.005342 0.022792
5 0.332093 0.408193 0.012196 0.021938
3 0.481353 0.4165 0.027422 0.023109
1 0.522541 0.426648 0.006588 0.030396
