4 0.05756 0.420329 0.11512 0.124107
1 0.752579 0.512933 0.078349 0.268482
0 0.488817 0.4143 0.017186 0.014087
0 0.398707 0.413082 0.114055 0.015603
7 0.584397 0.422336 0.029736 0.041944
1 0.736363 0.516515 0.051898 0.30035
2 0.966642 0.425284 0.024038 0.050649
3 0.523291 0.422671 0.024749 0.037037
8 0.809295 0.433783 0.029167 0.080656
2 0.840657 0.422221 0.017649 0.047642
3 0.498397 0.423628 0.019943 0.02849
7 0.256745 0.443502 0.141876 0.142897
7 0.527473 0.413654 0.018519 0.035929
4 0.46843 0.407098 0.02573 0.052865
3 0.970076 0.787438 0.059848 0.287468
2 0.887216 0.423434 0.016417 0.045267
3 0.05555 0.546429 0.111101 0.262848
