3 0.15838675213671877 0.6866096866087963 0.31677350427343753 0.6172839506157408
0 0.43252461993828123 0.4120378510870371 0.013265669516145806 0.0060145615703704
1 0.39531393218880206 0.4164435301296296 0.004629629629687493 0.022792022792592567
5 0.3352104707158854 0.462297220537963 0.08498707109427078 0.14083938461481485
1 0.4072828108216146 0.4210508298777778 0.004095441595312484 0.025007913896296342
2 0.7896280825729166 0.48297058863796294 0.04422370717708333 0.1213647368481482
3 0.4162764005651041 0.42541233668333334 0.020299145298958324 0.029597974042592585
3 0.48509249334531246 0.4332408231699074 0.035947645764583314 0.04750414818055554
3 0.5497172536927084 0.4132105464236111 0.008188074864583329 0.013668981352777812
2 0.5323924855260417 0.41622837347546304 0.00629083801041664 0.02325502022314815
3 0.22352820002109375 0.4559837906513889 0.05607832739218749 0.06993973959907404
1 0.9335765992812499 0.4728839548976852 0.04124604116666669 0.07067594738425932
