3 0.4764085118111979 0.45672471371574075 0.05844017399322918 0.0970027377851852
1 0.08137624680520833 0.44794890846851854 0.01001831554166667 0.04579801390555555
2 0.2819144980138021 0.44372639434675926 0.02335619198697915 0.04903143849722222
2 0.29756811604765626 0.4390882852995371 0.008944924591145842 0.034454524349074075
1 0.30921923923723954 0.44095368759629633 0.009193394718229145 0.03843004639074076
3 0.19377677809869792 0.4823224551449074 0.11120330251302084 0.132814240325
1 0.23964143956354167 0.43745353028194445 0.005366954754166671 0.03371242690277777
1 0.05024790922903646 0.45240149315370376 0.012880691410677084 0.0572475173814815
1 0.3599071452520833 0.431898331837963 0.00521787267812505 0.021202784214814797
0 0.4143306154083333 0.42656899600555553 0.03126582438020833 0.025767272483333336
1 0.3298422598216145 0.4367573032203704 0.006211753188020867 0.03357107500740742
1 0.3228850962510416 0.4396285135828704 0.009193394718749973 0.05168178652499999
3 0.40211416747161455 0.43135434660925925 0.019670551761979203 0.02355864912777777
1 0.34499893760052086 0.43211919417314815 0.006708693442708361 0.02694520494074071
4 0.1941077603453125 0.42590235521481484 0.07170251551979166 0.1091519331407408
0 0.5560514946145834 0.42057238857592594 0.0347858178541666 0.02871210362407408
3 0.4906329551148437 0.4452915855736111 0.05653192341406245 0.09095994428425927
3 0.5576665504427083 0.44795931818703705 0.04596697359375004 0.06493352665925926
4 0.6534997834687499 0.39577874210046293 0.06182731877083339 0.08167312479722226
1 0.2758269798893229 0.4368796619439815 0.006211753188020808 0.03180417632314814
3 0.5397767012630208 0.43581188973055557 0.03553122823437504 0.054773859222222214
3 0.43193058277447915 0.43172245050231484 0.019670551762499974 0.027239688054629597
3 0.5879799059999999 0.45105139088564816 0.053421077416666664 0.09055355758611112
3 0.631379686234375 0.47269766667037044 0.10519231318750001 0.14273714333703708
3 0.46156923780364584 0.47689581794490743 0.08243642502916669 0.11754823568981479
4 0.7532037542630209 0.3950154418689815 0.14064231165104163 0.15647654750833329
4 0.11188601350624999 0.4266656554467593 0.09445840367916666 0.07098692155277778
