3 0.1860638315315104 0.5289063222592594 0.22894713388697915 0.2906443735777778
1 0.07391453129479168 0.4354132628912037 0.004658814890625 0.040184674945370376
1 0.08314588672708334 0.4354132628912037 0.008627434983333323 0.040798181432407384
3 0.30440015201875 0.42152980241250004 0.02606204317916667 0.028929537087962948
3 0.46098510705312495 0.4082505869458333 0.015529382969791665 0.021472727069444447
0 0.037545728131354164 0.4206690774995371 0.036522808096666665 0.027863419650925945
1 0.05122437728833333 0.4193087175888889 0.007937240184791665 0.030675324385185148
7 0.47313790984270837 0.4096865870949074 0.018082824434374995 0.03179804711759257
3 0.5592547123203125 0.460156498900463 0.06380307692187502 0.09334153846203706
4 0.49842817488124996 0.39703709802962966 0.013458798573958338 0.027335029733333308
1 0.06770277810651042 0.43679365248842594 0.006729399286979161 0.0392644152138889
3 0.4944088601497396 0.49425977507453706 0.10555011016927084 0.1581526535305556
3 0.3733956144200521 0.4098498589069445 0.010285020871354196 0.013668981352777812
3 0.4064982885138021 0.43955814916481484 0.04630056774427083 0.06288441499074077
3 0.3677538311263021 0.4104711762412037 0.009785748014062534 0.01420153906759262
3 0.384429544578125 0.4053231183291667 0.01018516629999997 0.013136423637962955
3 0.5125914661549479 0.4096437205476852 0.01833081979427084 0.023108578663888896
0 0.44883429815260417 0.3995618060712963 0.015417780303124988 0.007362685501851834
3 0.5358107110208333 0.41354525347685184 0.026106338968750007 0.03267556662037042
3 0.35145227167213544 0.4138023057773148 0.015847578347395815 0.019784742006481476
0 0.5211269460179687 0.41014877786157405 0.010669799234895845 0.016871428412037003
3 0.4841108646575521 0.4062546733810185 0.013176638176562486 0.021367521367592596
3 0.33315917653854166 0.41453679775601854 0.014512108262499978 0.020892687560185173
