3 0.7638761570416667 0.4635968481851852 0.12379775633333333 0.15266004635
2 0.2532740917546875 0.42833306069074073 0.004362535612499988 0.01883507439074071
3 0.4163283925427083 0.4400675141203704 0.04469833706979163 0.07023422271296298
3 0.5098392453083334 0.4921299675171297 0.11735741063333335 0.16856213451203705
7 0.7204540413098959 0.4150827629175926 0.03141501385937495 0.033018578331481446
4 0.4655474208216146 0.4068566155199074 0.04195876878177079 0.05742420724907407
3 0.430676090190625 0.4305615991972222 0.035583492135416665 0.05030753199259261
5 0.6357731600208333 0.40272173291435187 0.060081230770833355 0.0410998429212963
2 0.1672305349497396 0.43401311409351856 0.016346153846354176 0.030959164292592597
3 0.28426976070416665 0.42569416196666665 0.062485984190625 0.04505591645740742
3 0.5866545114791666 0.4524900863013889 0.0603782409895833 0.09055355758611112
7 0.8287538067317707 0.4023566192421296 0.033394385140625 0.029683897900925897
3 0.47190326440911456 0.4301973471439815 0.02534677481302084 0.036574802771296315
3 0.025646512466614587 0.4416478705935185 0.03752934217791667 0.02363072487592593
4 0.21693368797942705 0.41815893888009265 0.04099757104114585 0.0504302332898148
7 0.31111601201302086 0.42616239011851853 0.03823222228229165 0.04284729310185185
3 0.37531767855963544 0.4648040957050927 0.07702573953177083 0.10115494969351854
3 0.24115952541276042 0.42920205565925923 0.01822114268489585 0.020981921879629637
5 0.2808137224552083 0.412276621450926 0.057999999999999975 0.03801709401666668
0 0.68762599553125 0.4167075714472222 0.03503026184374995 0.027710306168518543
0 0.35092022565807296 0.4084669714217593 0.004629629629687493 0.008547008547222233
5 0.3732606203908854 0.4086469281666667 0.04169926908697915 0.06669258609444445
3 0.6257599374036458 0.4197951176111111 0.04112410675520835 0.029141558166666665
3 0.6435180744114584 0.4203063730175926 0.04356854666666668 0.028119047353703713
3 0.33393030817135416 0.4279027853226852 0.03174264445312496 0.032687625665740766
