1 0.12384433561249998 0.44078875474444446 0.007033475783333331 0.034979423868518544
2 0.8552307033723958 0.5345045900601852 0.09723090094270835 0.2664345256944444
0 0.26017773072447914 0.4151264456916667 0.016909772567708328 0.011656623266666687
4 0.21604441145807293 0.4151759188546296 0.06398105783697919 0.07546129798888888
3 0.17221593743072916 0.4354127984555556 0.03830581132604169 0.03791470094074075
1 0.13061071737890625 0.43896855848009264 0.005430911680729163 0.029439696106481488
1 0.6058868679635416 0.41240871183935185 0.0063212250729166655 0.034504590060185206
8 0.7922103463385416 0.4747794001263889 0.036137495343749985 0.15584046398240745
4 0.5006635479083333 0.40620901914768515 0.04652307692291669 0.09924923076944445
0 0.49057078729322917 0.44183508191666665 0.012184615384374986 0.06104615384629632
8 0.010492101227062501 0.44272325832638887 0.012784688245875 0.04115606021759259
8 0.5599989479244791 0.42324704015092596 0.009226562411458398 0.02726695500925929
7 0.4427193657546875 0.4450157834555556 0.09072797538437498 0.19600305230740742
2 0.5568741436901041 0.418257277862963 0.009829059828125016 0.037037037037037035
8 0.6029660478750001 0.4142628115032408 0.006350750750000008 0.03429671684722222
