0 0.471172 0.413659 0.013714 0.011874
2 0.714614 0.432364 0.012182 0.052137
6 0.769855 0.447154 0.025767 0.049553
3 0.583209 0.419853 0.020126 0.028813
3 0.131276 0.453487 0.040783 0.045953
0 0.410214 0.417362 0.03728 0.01084
4 0.506521 0.412306 0.038192 0.07692
4 0.543707 0.413607 0.078183 0.129258
3 0.282321 0.435545 0.038616 0.066794
3 0.432832 0.415512 0.006768 0.008549
3 0.230456 0.459135 0.064595 0.085551
3 0.418482 0.423326 0.012913 0.020581
3 0.485672 0.420763 0.010953 0.016623
3 0.466644 0.450915 0.050558 0.067611
3 0.414475 0.425621 0.014872 0.025172
3 0.451652 0.432369 0.028354 0.050028
1 0.820585 0.42203 0.011086 0.057885
3 0.383784 0.453093 0.052822 0.079427
0 0.59261 0.407986 0.006857 0.01599
