2 0.1128 0.511138 0.048618 0.179669
1 0.78588 0.442254 0.020706 0.068835
3 0.220075 0.430144 0.036026 0.022108
3 0.244278 0.430878 0.042462 0.02106
7 0.320798 0.424837 0.024769 0.025709
5 0.170796 0.412584 0.075673 0.057108
7 0.440746 0.413873 0.007479 0.014403
7 0.459657 0.415158 0.01015 0.018044
0 0.481189 0.413066 0.018205 0.009117
3 0.507574 0.413725 0.007924 0.012821
3 0.541741 0.418485 0.031059 0.021473
0 0.684513 0.47665 0.022604 0.055216
1 0.725005 0.468389 0.018221 0.052639
8 0.779461 0.441702 0.028574 0.10086
1 0.772835 0.438941 0.013666 0.067363
3 0.415167 0.419602 0.01485 0.017474
3 0.485499 0.459635 0.054923 0.081504
3 0.419173 0.417703 0.012393 0.017854
3 0.496046 0.414895 0.009692 0.013128
6 0.367847 0.424593 0.008102 0.016619
2 0.518016 0.415438 0.005075 0.019626
8 0.30835 0.426381 0.015508 0.030195
1 0.58284 0.417129 0.004593 0.018284
3 0.43492 0.419221 0.013266 0.018202
1 0.75267 0.431548 0.010698 0.081596
8 0.339631 0.426217 0.015897 0.027578
1 0.744572 0.442438 0.019256 0.088345
3 0.456852 0.417848 0.012375 0.017094
