3 0.678155 0.511639 0.056572 0.081858
0 0.529514 0.474229 0.083467 0.023082
3 0.908618 0.602956 0.179281 0.253804
3 0.698809 0.524545 0.061222 0.090803
3 0.736312 0.536782 0.096031 0.123203
3 0.649039 0.50595 0.047995 0.066532
3 0.25618 0.504621 0.040352 0.05138
3 0.289713 0.498423 0.038091 0.049664
0 0.86984 0.439575 0.262757 0.051167
3 0.808065 0.55513 0.13818 0.179194
0 0.619049 0.498391 0.035497 0.060725
7 0.545469 0.472995 0.013078 0.02538
0 0.314206 0.501055 0.232223 0.076501
1 0.538431 0.475302 0.003993 0.020766
