3 0.4922352851625 0.47210632846296297 0.08799983683124998 0.1218423884592592
4 0.2784672531692708 0.409609483900463 0.04607999999999999 0.05750153846203706
7 0.5731911227135418 0.4308937111282407 0.0626144721354167 0.10336357304907412
7 0.7618443529635416 0.48929084346944446 0.19209642988541673 0.2847703542388889
0 0.9769246019973958 0.3687088387805556 0.024330194890625025 0.02735159163703703
3 0.39455492948125 0.4446466059240741 0.060626711115625 0.06984339377037033
3 0.5029883103057292 0.4245973087689815 0.06410529289895835 0.0834859628472222
3 0.21110739692291666 0.4347349885569445 0.03747692307708332 0.04102564102499997
3 0.1499500743979167 0.4350897544689815 0.041676358883333334 0.05116644107499998
3 0.27524406467656254 0.5024595687828703 0.16128742850312502 0.21116000041574082
4 0.1978001476877604 0.4147945671800926 0.0655232571171875 0.07889939732870367
3 0.35393026240755204 0.4590877880578704 0.0894492459078125 0.12320227330648142
