5 0.8706739425052082 0.4016835105657408 0.19535715306249996 0.3160062959444445
0 0.513424608210677 0.4007028919222222 0.038522015453645864 0.025037008848148166
8 0.16910558359921873 0.4374361294310185 0.012072649572395821 0.03589743589722221
3 0.45974249221979163 0.4194533355532407 0.01570668811770831 0.02635821295462964
4 0.3940443289408854 0.4037361325375 0.020388176638020818 0.03038936372314817
3 0.50346200195 0.4135047418203704 0.015313390313541694 0.022950300727777748
0 0.24791267244427082 0.4254515006324074 0.015118855527083348 0.016200417490740745
3 0.6686401167630208 0.4959037515675926 0.13392539873437503 0.16741365036666667
4 0.2962186896244791 0.41151270588333333 0.04113247863229166 0.05299145299074071
3 0.4576158902713542 0.5365667202699075 0.14659737523854166 0.21600336419351854
4 0.36709982751614584 0.4059298394064815 0.02804487179479172 0.03513770180370367
4 0.3357624343539063 0.4084989055666667 0.03169515669531252 0.04400126622407407
4 0.31979093008046877 0.41006956970092595 0.034900284900520856 0.047483380816666663
4 0.40579646569296873 0.40262818698472225 0.024127492877604163 0.027540360873148123
3 0.42388975189947914 0.4556944270828704 0.06439517471666664 0.09570701208240744
3 0.38695381612031254 0.4125775127208334 0.010950854701041676 0.015511237734259262
0 0.6654426010390625 0.4060320794587963 0.013443732192708306 0.00933839822685185
4 0.35748608107760416 0.4069161262060185 0.025997150996875006 0.03798670465277781
1 0.9731347846380207 0.4258478446944444 0.011905860276041716 0.08497064854814815
4 0.5854476388046874 0.4020626084944445 0.08870383552604165 0.16034605562777776
1 0.21062669598255207 0.43183309049444446 0.0072355530109375005 0.02583095916481484
3 0.5262985404114583 0.41540407705231486 0.01611467236458341 0.02105096549537035
3 0.47515954109557285 0.4307833911138889 0.04230769230781248 0.06208547008518519
