1 0.16972493394635416 0.4397823317212963 0.006091128865624995 0.023610058700000044
0 0.46073925318828124 0.40591718358194445 0.03177771885572914 0.014059523676851883
1 0.07615510560598958 0.4492560853439815 0.00747711031927083 0.017893939225000006
3 0.01081666466485677 0.4479165961791667 0.01925643488299479 0.03165693476574074
1 0.28203493029062504 0.44094647512129637 0.008440170940625021 0.02681028595370373
1 0.8355387025651041 0.41842495904722227 0.008454886286458319 0.05122779172407403
0 0.3925020087127604 0.41575229166157407 0.05184707458281252 0.020417853750925967
3 0.5186497220867188 0.4209371642875 0.014245014243229192 0.02010129787870372
3 0.477413678796875 0.42017855398055554 0.00890313390312502 0.01139601139629631
0 0.35393768303802087 0.4195115425768519 0.017628205128124998 0.01614434947777773
0 0.5067495050072917 0.4199411370763889 0.004540598290625001 0.015669515669444443
3 0.46672991811302084 0.4223153061175926 0.014601139601041643 0.01883507439074071
3 0.4967925283552083 0.4256855023689815 0.022524928775000022 0.032130421019444466
0 0.4864948753778646 0.4214447774689815 0.007478632478645804 0.0196264640712963
7 0.5815419516171874 0.43890271275231485 0.06694889547395834 0.1036825964231482
3 0.4323613788395833 0.43597142981481485 0.03963675213645838 0.052801519468518535
1 0.09053416391197917 0.44963952689861114 0.008627434983333338 0.018660822334259274
