4 0.1904004225690104 0.40645773979097227 0.3808008451380208 0.6305792972458334
1 0.6000832333749999 0.42449308473981484 0.009193394718750032 0.04063866974629628
7 0.5134382730072917 0.42927447659953705 0.09145092125625004 0.06977588626574074
2 0.6047732039375 0.4323542163726852 0.024364515458333357 0.047575155875
1 0.9663638681354167 0.4238286754240741 0.013417386885416605 0.08141869138703704
3 0.5091805324721353 0.5855037928078703 0.22309357523281245 0.30776265344166664
0 0.9507852100911459 0.41810969153425925 0.023498082963541715 0.039970931059259265
3 0.9655003561250001 0.5105477304050926 0.06899928775 0.2367063495935185
3 0.5651669994374999 0.4316648736662037 0.0657905741875 0.05153454496759259
0 0.9783653846145834 0.8319088319069444 0.04326923077083329 0.33428300094537033
4 0.3811332172273437 0.4100816651773148 0.12279592478281251 0.10248012370648149
1 0.6119128058046875 0.4256223401689815 0.007489092869791728 0.04014705757129633
1 0.5909433457734375 0.4251556717462963 0.006490547151041663 0.03754659704814814
1 0.6228968086770833 0.4347509031569445 0.005292292291666693 0.028225204762037073
3 0.7033843865937501 0.48203855834537046 0.15458371178125 0.2284599999203704
0 0.4380098846606771 0.431932421862963 0.015322324530729148 0.03938711651111109
3 0.8412171408411457 0.5456772660907407 0.261907392015625 0.35340800729999994
