0 0.353453 0.410226 0.045194 0.015596
5 0.237284 0.416487 0.028415 0.035978
4 0.196979 0.413433 0.062678 0.067775
7 0.322398 0.414384 0.020655 0.030864
1 0.053596 0.436124 0.007061 0.033238
3 0.487628 0.404847 0.009081 0.015828
1 0.524878 0.40202 0.004274 0.022311
3 0.470451 0.406879 0.012553 0.018044
2 0.543714 0.423465 0.023631 0.041785
3 0.36284 0.470564 0.079693 0.110698
3 0.222034 0.544845 0.185475 0.250401
3 0.490555 0.520054 0.146594 0.213899
3 0.608165 0.467431 0.073292 0.110709
8 0.716737 0.41446 0.021892 0.04416
1 0.801853 0.432693 0.021991 0.063797
2 0.906804 0.442171 0.034062 0.08753
3 0.934291 0.407744 0.055242 0.045218
3 0.980822 0.399269 0.036941 0.045655
1 0.104365 0.436128 0.0072 0.0384
1 0.535103 0.417991 0.008013 0.034386
3 0.430629 0.421831 0.031339 0.031972
3 0.300931 0.486663 0.108373 0.164021
3 0.107508 0.707231 0.214223 0.513838
1 0.120936 0.435069 0.006746 0.040994
3 0.661421 0.48075 0.129824 0.167674
3 0.75009 0.463607 0.097608 0.108761
4 0.459737 0.400212 0.011663 0.019468
3 0.775193 0.415755 0.075099 0.045488
1 0.128827 0.428579 0.005908 0.031179
2 0.843296 0.433846 0.035599 0.070909
1 0.569747 0.412223 0.00638 0.039758
3 0.897681 0.416025 0.082976 0.070577
0 0.073783 0.43617 0.026769 0.043323
3 0.449781 0.405471 0.007657 0.011713
3 0.443993 0.405075 0.008369 0.012504
4 0.501707 0.396504 0.016204 0.029937
