4 0.4802089478252604 0.41843057015185187 0.015438144501562511 0.03023108578703702
3 0.5527705753072918 0.4350907430837963 0.037063460687499966 0.05006212939722219
3 0.5083810115291667 0.4272904625226852 0.014871794871874991 0.02279202279166665
5 0.5333471653739584 0.41286802504305553 0.04326564102291671 0.08041025641018515
5 0.46529260697057295 0.41759673159537036 0.013888888889062478 0.03532763532777779
3 0.5020989602471354 0.42569502092731487 0.011025641025520845 0.020056980056481502
3 0.44221152434947913 0.4260148385912037 0.008725071224999976 0.012978790756481461
3 0.4555217095346354 0.42403636439074077 0.008636039885937485 0.014403292181481484
3 0.41829576514661454 0.4354555564875 0.02395436081302081 0.033886008337962945
3 0.4850550114549479 0.4376186352162037 0.033990713445312494 0.041347883245370344
0 0.4418553989934896 0.4204751108296297 0.01406695156718752 0.010762899651851872
