1 0.0066335555871848955 0.4281376580953704 0.006946167621463542 0.031297674800000015
5 0.4617932920330729 0.4130280164560185 0.019131518064062488 0.025513436554629617
3 0.48841177930859375 0.4447168082138889 0.04885210891614579 0.06560597971111116
0 0.4965859393796875 0.4159737926564815 0.024345969033333324 0.025247671590740754
0 0.06405756355375 0.410316995412963 0.109785028126875 0.035601659501851866
2 0.5623609116432291 0.4187772292958334 0.007314468765625056 0.025817167941666663
4 0.5019086454835937 0.4087348106314815 0.05350371439739578 0.03189179569259258
3 0.5214128480825521 0.420491746425 0.019754404699479148 0.02537422633518521
1 0.5408650383567708 0.41795831885324075 0.003648336005208345 0.01423740879166665
3 0.5090115667153645 0.4172890761194445 0.011478910838020795 0.020406952601851828
1 0.5521586635572916 0.4191756128236111 0.007198576260416682 0.020868248339814797
1 0.6825180220494791 0.4138284625736111 0.009202597317708339 0.046012986578703716
1 0.6758317599375 0.4122946963546297 0.01193461839583326 0.04908051901666666
1 0.693667543859375 0.41496856213009264 0.007333319739583288 0.03450973993425929
1 0.7069681727916667 0.41726921145879636 0.009490178479166644 0.04268982643611113
0 0.9693390625208332 0.34675192141250005 0.04720932422916668 0.030920726980555563
2 0.5976505254505208 0.4264218650319445 0.01601708489062498 0.04334500009907411
