5 0.072635 0.479697 0.144201 0.25641
9 0.593906 0.509612 0.005392 0.021515
1 0.623867 0.499496 0.011927 0.067319
3 0.744392 0.531254 0.123467 0.173389
3 0.916838 0.641878 0.163119 0.321594
9 0.630393 0.520263 0.00695 0.02322
3 0.803763 0.56546 0.160636 0.231738
3 0.5192 0.479084 0.01358 0.02074
3 0.615119 0.492118 0.041206 0.065221
0 0.688566 0.520499 0.033096 0.111845
0 0.551308 0.486331 0.080343 0.049737
3 0.600445 0.490838 0.034231 0.053333
3 0.625586 0.486723 0.049446 0.088787
1 0.636688 0.497906 0.013716 0.065199
