0 0.100021 0.41973 0.019676 0.009813
0 0.459233 0.409074 0.025566 0.026546
1 0.099724 0.433386 0.004793 0.02361
0 0.429961 0.413314 0.016916 0.02879
3 0.115851 0.428504 0.025063 0.018817
3 0.404173 0.41653 0.01558 0.02026
5 0.545985 0.405759 0.047231 0.097636
1 0.690963 0.41929 0.009227 0.055252
3 0.867762 0.566049 0.255527 0.294634
3 0.479759 0.413286 0.013181 0.020947
3 0.439652 0.418429 0.01745 0.022159
3 0.516839 0.414493 0.015457 0.025137
1 0.384274 0.407825 0.002849 0.013928
3 0.462199 0.428126 0.026961 0.037492
3 0.489227 0.480898 0.09504 0.139879
4 0.267891 0.410814 0.018213 0.032487
