3 0.642412 0.429573 0.041268 0.056031
0 0.651082 0.387817 0.010523 0.006564
5 0.505909 0.403628 0.013417 0.015511
3 0.375809 0.415033 0.011029 0.013471
3 0.418889 0.411282 0.01104 0.013137
0 0.390954 0.411559 0.003495 0.010651
7 0.587139 0.405346 0.024764 0.044912
1 0.741111 0.407177 0.005018 0.034439
3 0.463468 0.458912 0.074541 0.101603
3 0.262505 0.421116 0.016649 0.017094
3 0.361133 0.416669 0.014957 0.012388
3 0.338766 0.417521 0.015759 0.015353
0 0.18178 0.423506 0.003692 0.012581
3 0.314013 0.41805 0.014957 0.017885
0 0.619321 0.392802 0.008325 0.00661
1 0.316364 0.420257 0.003027 0.014562
1 0.777292 0.405282 0.006923 0.043077
7 0.654189 0.40488 0.018251 0.030548
3 0.55749 0.442886 0.057948 0.079734
0 0.458534 0.404356 0.035538 0.012308
2 0.671913 0.407651 0.006927 0.023482
3 0.030821 0.425833 0.03566 0.031953
4 0.698346 0.398519 0.041324 0.061374
4 0.71832 0.398193 0.042141 0.075761
7 0.604597 0.400769 0.01932 0.037037
0 0.639268 0.397827 0.014217 0.010174
4 0.559781 0.390888 0.057308 0.110689
3 0.623589 0.4158 0.028504 0.043115
1 0.743392 0.407491 0.004487 0.032858
3 0.676475 0.400411 0.009734 0.020539
8 0.832846 0.410078 0.010928 0.049336
3 0.860386 0.509883 0.174997 0.185309
