3 0.471203 0.657979 0.294298 0.408885
4 0.528748 0.407544 0.014957 0.028015
1 0.175731 0.420461 0.00659 0.029468
3 0.575316 0.426543 0.02732 0.035788
3 0.71071 0.451298 0.076215 0.07792
3 0.15088 0.435037 0.037673 0.038344
1 0.787755 0.418681 0.007123 0.038462
4 0.518264 0.405463 0.009793 0.020495
7 0.075771 0.415653 0.103235 0.170681
0 0.938257 0.431812 0.008761 0.031339
3 0.624908 0.429731 0.03902 0.050741
1 0.965474 0.426837 0.007714 0.048285
3 0.252967 0.434765 0.04817 0.070308
0 0.820621 0.400488 0.036218 0.011966
0 0.505179 0.405912 0.03463 0.026415
4 0.285862 0.414412 0.039011 0.062356
