1 0.996039 0.422863 0.004831 0.029755
5 0.992394 0.41372 0.012881 0.036257
3 0.977903 0.427078 0.013954 0.024807
1 0.925119 0.433949 0.006801 0.039569
1 0.969233 0.422204 0.00352 0.025031
5 0.794721 0.412604 0.101614 0.099865
3 0.819594 0.458396 0.052477 0.07262
3 0.718288 0.479902 0.115741 0.121346
5 0.425906 0.452939 0.374822 0.42735
7 0.081731 0.549858 0.162393 0.381766
3 0.897409 0.438391 0.041504 0.048289
5 0.862702 0.411013 0.086587 0.075058
0 0.968627 0.405925 0.035813 0.024171
0 0.780385 0.417581 0.06172 0.015372
5 0.920227 0.41642 0.060987 0.064244
3 0.782392 0.467556 0.073796 0.096738
5 0.899783 0.412285 0.066811 0.062336
3 0.618234 0.505381 0.119302 0.150364
3 0.9528 0.475717 0.073291 0.112114
