1 0.904286 0.422867 0.011678 0.0667
3 0.353771 0.443101 0.036063 0.044479
1 0.547554 0.432121 0.008308 0.038564
7 0.440029 0.451595 0.092833 0.13668
0 0.01174 0.441698 0.022822 0.026388
3 0.495788 0.517392 0.135963 0.197822
0 0.313802 0.432161 0.010577 0.018613
0 0.37254 0.436297 0.018213 0.029184
3 0.384882 0.435338 0.014379 0.022154
3 0.138394 0.495291 0.1232 0.140248
1 0.657433 0.432136 0.009087 0.040652
3 0.188107 0.440817 0.0352 0.031902
3 0.042831 0.438563 0.026798 0.024691
3 0.221971 0.448515 0.040142 0.050486
3 0.253434 0.441614 0.035372 0.046013
3 0.286734 0.465115 0.065569 0.090748
3 0.085736 0.439763 0.030052 0.023518
3 0.340605 0.446048 0.052593 0.067731
