0 0.9374819699791667 0.4227946903587963 0.10598785271875001 0.05677235686759256
3 0.01542473018892474 0.4520386550814815 0.03038088286465052 0.030994638074074085
1 0.7070134805911458 0.4258954962773148 0.011450794234375058 0.06369760805462966
1 0.5994080913229166 0.4233933702703704 0.006947259791666719 0.03629201012592594
1 0.5951328545286458 0.42415341236712967 0.006733497953124967 0.03819211536759263
3 0.6820811546510417 0.41946645218796297 0.03416769246875001 0.03217714221296296
7 0.474635242338802 0.4197522774486111 0.017391663281770834 0.027087900332407416
3 0.45374440392942705 0.4219804548467593 0.012440939073437522 0.020521136615740766
3 0.4369703584557291 0.42740764184490737 0.01902480373750001 0.024701368149074095
7 0.41747991017760416 0.4234029800365741 0.015943070547916646 0.02755152601203703
3 0.40589779288463546 0.4379514457902778 0.025653049767187495 0.0419825611972222
3 0.3824920665502604 0.44468692588009257 0.025856632135937474 0.04815626725833337
3 0.35802085738958334 0.44908271751250006 0.049866361976041655 0.06895101902870375
1 0.28575712643958334 0.43908063911666667 0.004364304228124993 0.021376183974074082
1 0.26361319808906253 0.44612347877453706 0.00762399049166668 0.04449725268055558
3 0.24399393742552083 0.4608536038 0.06239128581041665 0.06495985136111107
3 0.09690104316145834 0.44928780423287035 0.0400475274125 0.029460250050925917
3 0.03898717627434896 0.45295928789537043 0.033315399959635415 0.02915337244629628
0 0.42718826039921876 0.42158204584629627 0.0050768436942708675 0.009025499900000018
3 0.5951991206979167 0.44750722587824077 0.05356016656249996 0.06599597535648148
3 0.41075269249010415 0.43475480407500006 0.024813931316666663 0.039851466720370377
7 0.5582501411276042 0.42597690901435187 0.031914471661458305 0.06146490839166666
3 0.3947846788479167 0.43846579282731485 0.03309033279270833 0.04952434303240739
3 0.48441102621067705 0.4621333491949074 0.06994588373177084 0.0912517486120371
7 0.36797048943541666 0.4376539219398148 0.044222228561458306 0.07310121369814808
0 0.4991772979283854 0.41223792320879626 0.01131156402031248 0.011717315660185185
3 0.31736315025807293 0.46664355704444443 0.0674119337828125 0.08306956102037033
3 0.46100910005312495 0.42071498475509256 0.008105136423958293 0.013934105110185158
1 0.2707337175104167 0.445356284762963 0.007480141614583324 0.04347432733148151
3 0.5305913816276041 0.4209784073231482 0.017100947182291708 0.026981494438888903
3 0.2263874102515625 0.44458193027407406 0.02718743779062498 0.0319664171555556
3 0.4430990643101563 0.4227784990481482 0.016545166396354165 0.025309401825925896
3 0.14747830838515624 0.4469862221972222 0.044535612380729186 0.03038088286481482
3 0.5190779979286458 0.43570103077314815 0.03893885672604167 0.05828002798888887
3 0.1189962306997396 0.44713966099953706 0.0472975108234375 0.031915270887962935
