3 0.3998987043190104 0.4441179388328704 0.015277777777604128 0.019715099715740793
3 0.8213141025651042 0.6847103513773148 0.35737179486979165 0.4729344729342593
5 0.3620943909289063 0.44597846684768516 0.027179487179687514 0.045811965812037024
0 0.3567343339486979 0.401795700149537 0.013354700854687528 0.01535295979722225
3 0.33972934819375 0.41667382613888887 0.011396011395833305 0.011870845203703682
3 0.43187531944348956 0.39304187122314815 0.007033475783854115 0.009021842355555573
3 0.4237510985888021 0.4057118211564815 0.00614316239322914 0.012029123140740746
7 0.4076142795575521 0.39834418208055555 0.007656695156770847 0.01582779360555559
0 0.25888780291848956 0.4156809300986111 0.004095441595312514 0.006172839506481443
0 0.23931693397239584 0.4161525983476852 0.0034722222218749837 0.006964229186111113
1 0.3216779521825521 0.42187235731990747 0.004629629629687493 0.022475466919444458
0 0.30623101486041665 0.41641176852592593 0.004362535612499959 0.004590060146296293
1 0.21497996037109376 0.43066592621944444 0.006182995071354143 0.03629913385555555
3 0.3964523094151042 0.40487611365416665 0.005698005697916623 0.011396011395370342
3 0.5088696573361979 0.45572566634814815 0.03766153846302078 0.04726153846111111
0 0.4219483251416667 0.39177564773425927 0.006232193732291691 0.007755618866666646
3 0.43679418975703127 0.41251777240740745 0.0071225071223958375 0.010446343779629629
3 0.45939568810442705 0.4742994509634259 0.06156996923072917 0.09244356923055559
7 0.38332890374947914 0.4384057514314815 0.012286324786458339 0.020066603355555525
5 0.4491776655403646 0.42596810479074076 0.018589743590104152 0.038366571700000004
3 0.16052762609479168 0.5316569306194445 0.17345997766562501 0.20685436280370367
3 0.42517560001328125 0.427633315300463 0.006677350427604149 0.010604621715740723
3 0.42682267978541666 0.41908630675324077 0.007300569801041649 0.011237733460185214
3 0.4263775230903646 0.410460159237963 0.007656695156770847 0.010129787907407435
3 0.6365206349713541 0.5036962661611112 0.125181636921875 0.17694719999999997
3 0.4034857851984375 0.4269558857342593 0.00961538461562501 0.014086736309259239
3 0.4050438336317708 0.41176120387268517 0.007567663817708355 0.01123773346018516
