1 0.17582967944557293 0.4289220882773148 0.004807692307812505 0.019753086419444482
1 0.2507201755002604 0.43248298105324073 0.00455528567135417 0.026503480269444477
3 0.2705593105408854 0.43269691862268517 0.01754245113281252 0.02249523788240745
1 0.27034362466614587 0.4338472432870371 0.006470576237500047 0.031442207494444416
7 0.2877422852161458 0.4292459446291667 0.013372524223958375 0.025307142617592572
0 0.22118299086458335 0.42603159535185187 0.01882165645624999 0.009221732477777777
2 0.4998846476192708 0.41581705337314817 0.008547008546874993 0.020259575814814818
3 0.55286278878125 0.41424817911342593 0.026363076927083284 0.01732923076944446
3 0.4319640026786458 0.42209274135231484 0.01219729344687496 0.0196264640712963
0 0.32138689130729164 0.41573331750879633 0.052484573930208354 0.013569395630555535
4 0.32557839889244794 0.4162941965083333 0.017392908926562475 0.02827037895370371
3 0.43978144812291664 0.4219643997597222 0.016769500053124987 0.023006493289814817
7 0.36342707066145835 0.42229238328333335 0.011752136752083331 0.022950300727777748
3 0.39481359726015625 0.46342605032916667 0.07779070543385416 0.11909796943796294
3 0.19989111411406252 0.44409491029583337 0.02881563284479167 0.036211606930555564
7 0.13003663657916667 0.45811132491666673 0.05581632944687501 0.0795104408074074
2 0.4300053132197917 0.4309563057712963 0.007567663817708355 0.02215891104814813
2 0.8242551422421875 0.450967244938426 0.02466168091145834 0.0830358974361111
5 0.42964918786380213 0.4124126198972223 0.013977920227604142 0.02432446744074076
0 0.44912149292604164 0.41840700913703704 0.00551994301979164 0.01481099145370366
4 0.3084339600932291 0.4165150588439815 0.019380669946874995 0.028712103625000047
3 0.4709376036679687 0.41801874582222226 0.020849634543229217 0.017127056114814767
3 0.4563622613838542 0.4219643997597222 0.014666639471875046 0.019938960850925908
8 0.4833693342286458 0.41771638860601856 0.010416666666666666 0.02532446976944445
3 0.5717078194583334 0.43256875803240746 0.033301899031250075 0.04049142818888888
3 0.46216637810156247 0.418274373525463 0.013660105390625017 0.014570779082407415
3 0.3529213726557291 0.4287026396935185 0.01745014245000001 0.025957581512962975
3 0.53540082296875 0.41103571947407413 0.023183760687499996 0.015574548907407438
5 0.19676813038125 0.42738422058333336 0.027124360126041667 0.04447922035925926
1 0.8026457042161458 0.42629212763564817 0.012307692307291755 0.061538461537962996
