3 0.821964 0.393072 0.039258 0.043289
3 0.475554 0.447508 0.05039 0.080041
1 0.977382 0.386446 0.007206 0.043289
1 0.578607 0.422059 0.005694 0.031902
2 0.535968 0.426016 0.01018 0.038344
3 0.386053 0.450453 0.064602 0.095854
3 0.45207 0.42216 0.014701 0.02908
3 0.430532 0.431341 0.031904 0.048766
3 0.414778 0.429221 0.044328 0.071029
3 0.490801 0.46333 0.082741 0.125892
3 0.22001 0.516967 0.188058 0.245783
2 0.555239 0.425271 0.010684 0.039313
1 0.961232 0.385562 0.007703 0.046823
2 0.752877 0.478711 0.045082 0.121492
8 0.636613 0.440952 0.017393 0.080394
0 0.358705 0.416733 0.013666 0.014577
4 0.49079 0.409461 0.03872 0.083928
3 0.628967 0.418618 0.038996 0.030062
3 0.445133 0.427682 0.020706 0.033497
