4 0.048988 0.425305 0.097234 0.156974
7 0.500886 0.424434 0.020121 0.037987
3 0.517405 0.413793 0.007657 0.012821
3 0.530226 0.418066 0.012286 0.015036
1 0.584665 0.418832 0.003828 0.018677
8 0.937443 0.447375 0.025643 0.088671
1 0.390722 0.409139 0.002671 0.011871
3 0.213733 0.461962 0.08289 0.118736
5 0.252057 0.411229 0.062366 0.106994
3 0.469158 0.421779 0.014067 0.023742
1 0.149127 0.428684 0.004913 0.024924
3 0.486174 0.430335 0.032179 0.053105
3 0.43626 0.424098 0.017895 0.024533
3 0.533565 0.415297 0.009704 0.017727
0 0.429155 0.411414 0.040991 0.016536
3 0.647599 0.464472 0.079975 0.094523
1 0.775982 0.440157 0.018462 0.086154
3 0.452865 0.416343 0.008725 0.01377
1 0.380795 0.407873 0.00276 0.010921
3 0.29832 0.488626 0.129403 0.169622
4 0.406402 0.408524 0.009259 0.01548
1 0.38583 0.411151 0.003917 0.015828
0 0.385017 0.412682 0.017077 0.008205
0 0.464661 0.40766 0.018269 0.007977
4 0.353216 0.410107 0.039548 0.057939
