3 0.10576923076927083 0.6248812915481482 0.21153846153854167 0.3760683760685185
3 0.50296283875 0.47750555571805553 0.10758756521874997 0.16697192569537034
0 0.43457547141874997 0.41031394887453704 0.020418676133333296 0.012345679012037022
1 0.3963890544997396 0.4145367535592593 0.0022435897432291794 0.01614434947777778
2 0.6331048576979166 0.41704389966111116 0.0062117531874999795 0.033742856824074054
3 0.5895739197187501 0.44243077925462965 0.06874340194791664 0.10159667436481483
1 0.668287365015625 0.40859226837083334 0.005392146864583343 0.03131439364351852
1 0.11026180353411459 0.4365398505921297 0.004912844921354169 0.03408369376203703
1 0.5451362297135416 0.4135878142157408 0.0030769230729166706 0.020056980057407418
4 0.0329415954415888 0.4200696355069444 0.06499287749286406 0.1171256726805556
7 0.38673439877317706 0.4192358868041667 0.01406695156718752 0.02785691674537037
0 0.4569656499414062 0.4054216411824074 0.011485042734895796 0.006805951250000017
5 0.37684421073906255 0.4101404414101852 0.022222222221874983 0.050712250712962995
1 0.4026390544997396 0.4103582160476852 0.0025641025640625275 0.01386514719907405
7 0.34139381187864587 0.42187721887129637 0.01834045584062499 0.03260525482777781
1 0.5584427824192708 0.4099740630287037 0.0035612535572916216 0.017410572966666656
