0 0.3742786918661459 0.4201799278856482 0.01682692307708328 0.023108578663888896
0 0.40457851237890624 0.4164422792625 0.02849002849010418 0.013611902500925898
3 0.41899767192317705 0.4295704843907408 0.014155982905729184 0.022475466920370377
3 0.38345912491484374 0.42500445716666674 0.01451210826197921 0.022950300727777748
0 0.349651003178125 0.4188737028777778 0.012801785353125024 0.013770180437037047
3 0.4269659767664063 0.4238724786925926 0.016737891738020788 0.0151946818611111
2 0.4439247448578125 0.428221825700926 0.006232193732291691 0.02453308008888892
0 0.4980407704888021 0.418933681925 0.005519943020312468 0.012503956948148171
0 0.48793571350859377 0.42273235239027773 0.016826923076562514 0.009021842354629604
3 0.36156678189479163 0.42189655821111116 0.012909544159375012 0.020892687559259257
3 0.3961424941453125 0.4587814458337963 0.05860746438750001 0.07686169040833338
