0 0.413692 0.400386 0.020214 0.020024
0 0.539439 0.399283 0.040169 0.038283
3 0.672179 0.446383 0.067981 0.090324
8 0.95465 0.505903 0.089632 0.241754
7 0.476337 0.400509 0.007589 0.015622
0 0.487421 0.392255 0.016376 0.010119
2 0.511766 0.406794 0.004673 0.021302
2 0.526814 0.411604 0.00669 0.026095
3 0.813703 0.484056 0.150871 0.157431
8 0.565547 0.418476 0.009663 0.050614
3 0.478434 0.403705 0.010185 0.012426
8 0.485874 0.407433 0.003695 0.016687
5 0.506853 0.395823 0.022647 0.039835
3 0.160246 0.431928 0.032301 0.035338
3 0.136512 0.435757 0.0325 0.040948
2 0.494161 0.404947 0.004094 0.015267
