3 0.5273106390361979 0.47296495119351856 0.016535917052604175 0.02684090883703708
8 0.9329926510677083 0.5853506442495371 0.06440345705208325 0.2976870903824074
9 0.5709585582604167 0.48675122583287045 0.004313717489583387 0.012658004867592635
7 0.549670074703125 0.4651683062458334 0.010352921979166632 0.0235177486953704
9 0.5931926006770833 0.497730349137963 0.0054920014374999935 0.02041471240925927
1 0.6083333214713542 0.48582587072962957 0.012764191546875026 0.028048039657407375
9 0.6599129271640626 0.519542743236111 0.009777759651041744 0.03144220749444447
9 0.7447997862708333 0.5531068635342592 0.015405147906250012 0.0512400618537037
9 0.8741135794427083 0.609788973336574 0.025761382822916682 0.08459910901944444
9 0.5796123789427082 0.4917834546532407 0.004493455718749928 0.01420153906759262
9 0.5857035078098959 0.49506756056296297 0.005891419723958317 0.016154250688888882
1 0.5743700139375001 0.4716119875444445 0.006790110864583336 0.021170856477777833
9 0.6020297302604167 0.5016357723814816 0.0071895291562500555 0.023610058700000044
1 0.5797122335130208 0.4835288100703704 0.007289383723958309 0.013313942875925865
9 0.6327180971692707 0.5073950628328703 0.007620900901041594 0.025307142617592572
1 0.5832991015286457 0.48065836793009264 0.006674463171874952 0.017279634773148155
9 0.6747118539713542 0.5255029587643519 0.011181155734375043 0.03533797369166675
9 0.5744199412213542 0.4880555506481482 0.003494910005208259 0.014201539066666703
