0 0.11917736463786459 0.3875817360490741 0.1362189573680208 0.02692376282222221
3 0.9438424067369792 0.39258216051805556 0.03292898078645834 0.039108733012037024
0 0.4293095216359375 0.4363044028365741 0.03327686992395833 0.04078255973981479
3 0.9156281310520834 0.3904784838296297 0.03667620876041665 0.03838349422777777
3 0.13380338383333334 0.5921134155166667 0.2676067676666667 0.4033957300481481
8 0.3050155683567708 0.441504813512037 0.033653846154166625 0.06758467869629625
3 0.8865866474713542 0.6377597421458333 0.22682670505729163 0.414731224825
3 0.71515126215625 0.45874292162592595 0.16294527065624997 0.09649493130740738
3 0.5235582394278645 0.5637908039425926 0.22763990801927078 0.34552176634814813
3 0.24253860754010415 0.4346884969935185 0.034722222221875015 0.0364039252925926
