6 0.179404 0.437995 0.019409 0.036087
3 0.57644 0.454734 0.06934 0.089691
3 0.258607 0.43163 0.030128 0.041026
3 0.222404 0.445122 0.048205 0.053105
8 0.605503 0.419935 0.008028 0.038131
7 0.931424 0.40669 0.04833 0.048818
3 0.656636 0.477176 0.115787 0.168739
3 0.815156 0.589025 0.287031 0.32209
3 0.273547 0.434584 0.037393 0.047483
3 0.207073 0.437182 0.037385 0.051692
1 0.548142 0.416211 0.004893 0.024853
0 0.478712 0.412269 0.074328 0.03593
5 0.799845 0.400813 0.037673 0.056238
3 0.517857 0.411434 0.009437 0.012662
0 0.578593 0.404852 0.03566 0.015082
3 0.533867 0.419941 0.026841 0.031147
3 0.497629 0.57591 0.199641 0.300231
3 0.325593 0.417922 0.016985 0.014441
1 0.368259 0.41295 0.002938 0.014245
