1 0.5859243010989583 0.40763068551203707 0.008587493156250047 0.016864327642592568
8 0.5564627660729167 0.4039851336726852 0.016104545302083294 0.0301640689787037
3 0.28500606454088545 0.4122883195819445 0.020744301994270842 0.025007913897222206
3 0.3182042173497396 0.4147058866925926 0.03235288118802083 0.033870670675925925
3 0.017819978994541668 0.42689008350694446 0.03457158192070833 0.02172835477314813
7 0.4817337556661458 0.4169135212912037 0.03653846153854167 0.053371320037962966
1 0.5144557254328125 0.40751263213564815 0.00507478632500001 0.012978790756481461
1 0.5410760958020833 0.4045844903180556 0.006677350427083321 0.010604621715740723
0 0.4709670283453125 0.38998823704583335 0.02163461538437505 0.011712567267592585
0 0.3621601640033854 0.39875231348749995 0.006143162393229199 0.008547008547222233
8 0.3425128753596354 0.40772561620601855 0.01677350427343747 0.03342830009537039
3 0.37745433701197917 0.39991710242314815 0.008547008546874993 0.013611902499999981
7 0.21594868491510416 0.409166654025463 0.01463675213645835 0.022412155745370366
0 0.44465826766145833 0.39149187743842595 0.01282051282083329 0.006805951250925933
1 0.5281220359739583 0.403951378574537 0.0044515669479166554 0.010921177587962969
