0 0.0477453247863802 0.420758619113426 0.016114672364739586 0.012345679012037022
3 0.4042741131666666 0.41453377243611117 0.00952635327604169 0.016460905350000027
3 0.3757306658731771 0.41424950526342597 0.009348290598437536 0.015036403925000004
4 0.39577162028932295 0.40572149006851854 0.012642450142187478 0.025166191833333355
3 0.3832182014859375 0.4232390589194444 0.021545584045833326 0.02817347261851853
2 0.9650675648932291 0.5372139802083333 0.07171968977604166 0.24168629671296296
3 0.3968845120270833 0.41849072083796296 0.014155982906250012 0.022475466920370377
3 0.4144662071838542 0.4190530506893519 0.019586894586458334 0.03149730927500003
3 0.4299843952296875 0.42235664700092596 0.025738514367708316 0.035276623042592596
4 0.45314963332265623 0.40284305064861115 0.030052231858854188 0.055215583893518556
0 0.38110372902734374 0.40753386107175926 0.012574986706770848 0.00997150997129634
3 0.4799454478997396 0.47149007481759264 0.08944924590885416 0.13516774937222226
