3 0.20798139548125003 0.4634503955333334 0.06830052695208334 0.0444522374351852
2 0.32947841713203124 0.45302746837499996 0.01366010539010413 0.04984740212592593
3 0.573819774171875 0.4306774547212963 0.047435897437500076 0.061994301994444466
8 0.9514511175781251 0.4752326442861111 0.09027747966666672 0.17714845685185185
1 0.9389654937812499 0.3835942461412037 0.004184472937499943 0.022412155745370366
3 0.6200716907552083 0.4307703890421296 0.0482905982916666 0.05565052231759261
3 0.7568823211614583 0.39162958634583334 0.010861823364583264 0.017727128837962985
3 0.7461499678411458 0.40237382624398144 0.021721465609375084 0.0383890179398148
3 0.5310744081132812 0.43998366205 0.059017809981770836 0.07097659248703705
0 0.84141414403125 0.3779931946638889 0.04213064083333329 0.01293057038703701
4 0.6991477268515625 0.3915516780013889 0.09540617435937501 0.1479512250712963
4 0.7695097632161458 0.38194504710787036 0.012650722984375069 0.024320135652777814
5 0.7811828368958333 0.3845480496615741 0.010187275229166678 0.018110711517592623
5 0.5266021801252604 0.41761034364074073 0.05687105190572919 0.08477523537037036
2 0.33936401971744795 0.4472758450523148 0.01569713865052081 0.04132647868611112
3 0.9278212082421875 0.39305978931712965 0.018073677453124996 0.027515481943518483
8 0.27936739893671875 0.45234579450000006 0.011647037227604191 0.04524610346851859
7 0.5995866495078126 0.4166844124671297 0.031194014119791665 0.04463437796759259
0 0.012655983455557292 0.4757972869944444 0.024243590842739585 0.04694384063518524
3 0.7929851679531249 0.38189770163472225 0.005963283062499988 0.011043116778703711
3 0.6466521038593749 0.4245303130689815 0.0307158119687499 0.047008547008333325
