3 0.488746 0.482098 0.029837 0.043457
0 0.042933 0.483971 0.084082 0.077602
8 0.513262 0.478282 0.010881 0.046269
3 0.517757 0.475965 0.021069 0.026095
7 0.538529 0.467237 0.026461 0.030178
0 0.488645 0.468412 0.040641 0.033374
3 0.644684 0.511031 0.058307 0.089265
3 0.719164 0.527819 0.115252 0.167565
3 0.889961 0.682939 0.21901 0.394334
0 0.28797 0.495836 0.01829 0.030982
3 0.550959 0.480249 0.00828 0.04416
0 0.560822 0.479809 0.035563 0.050422
3 0.627222 0.505304 0.043569 0.073365
3 0.587805 0.48649 0.034201 0.046226
3 0.675708 0.522191 0.085722 0.113965
3 0.60185 0.492927 0.046372 0.06336
3 0.832759 0.563935 0.185053 0.190539
3 0.615144 0.501868 0.036379 0.06138
