0 0.383165 0.435078 0.021137 0.025818
0 0.564939 0.398759 0.033693 0.053007
5 0.604129 0.417736 0.047313 0.095413
6 0.67255 0.45222 0.088257 0.090112
3 0.3611 0.446187 0.032439 0.038651
4 0.345752 0.421138 0.038392 0.061606
7 0.567447 0.43641 0.028767 0.056484
9 0.699992 0.498116 0.015027 0.053431
3 0.298389 0.452322 0.044228 0.045939
4 0.406244 0.424853 0.020993 0.037066
3 0.024306 0.495168 0.048611 0.158763
5 0.811439 0.40853 0.203 0.291275
5 0.394165 0.427921 0.01898 0.037577
3 0.435724 0.457202 0.053073 0.067849
0 0.506819 0.42453 0.046464 0.017669
4 0.319295 0.423311 0.054209 0.074643
9 0.668685 0.490801 0.013238 0.045162
4 0.245997 0.422526 0.086766 0.108134
3 0.522042 0.505439 0.116582 0.159021
0 0.430257 0.417951 0.028758 0.015593
