1 0.9052855857239582 0.4138582664754629 0.00934860739583326 0.03323949295648145
1 0.08702427455546875 0.43422211951712963 0.004718660968229156 0.027540360873148175
1 0.9772578772604167 0.4064006879273149 0.004674303697916571 0.03409178764722222
1 0.9810932033723958 0.4121536770930556 0.007071382515625046 0.04645006066944443
1 0.9223647723072917 0.4108752350560186 0.007311090395833375 0.03196105091944443
1 0.9364476103697916 0.4130059717842593 0.007670652218750007 0.04389317659629626
3 0.44961873741119796 0.6183712099143518 0.25157145594843755 0.3479032982694444
7 0.3419632990557292 0.4247443910861111 0.02215910704791669 0.03282830673703706
3 0.07261339430447916 0.46143224651388887 0.06543494072854167 0.06811984254999999
1 0.9735424050911458 0.41694783473101854 0.012584663796874906 0.047941576378703714
3 0.9355554798489583 0.4813530966685185 0.12689978596874998 0.13792886996296297
1 0.7322881843125 0.4018770489976852 0.005075991437499994 0.023747328369444442
3 0.8478075111171874 0.45089733337268517 0.06834551128645833 0.07916113091759254
3 0.7470209622317708 0.3992394217587963 0.019929816130208403 0.016840066273148158
1 0.8300029293385416 0.4114330044837963 0.004434595812499964 0.03196105091944443
1 0.7697008891692708 0.4147815689060185 0.0056103063281250105 0.026597007773148107
3 0.7136072563151041 0.41634372011157406 0.02951052469270839 0.03217412459166664
1 0.023829193807109374 0.43648615258379636 0.006589883622447916 0.030079949267592627
1 0.7826028362942707 0.3993440006384259 0.004719781515625006 0.028813425087962967
0 0.5093615675213542 0.41169985921388885 0.004808833994791683 0.009815562392592599
3 0.7124348241119791 0.4020824958888889 0.021030634005208288 0.014216007340740728
4 0.5122112469257812 0.4065546047337963 0.00908335310156249 0.02232248866759258
4 0.5750795493135417 0.4081902804462963 0.11336175864375005 0.1792993206018518
7 0.4721742401583333 0.44778137218194447 0.08893848144166666 0.1175172560657407
3 0.7507659806380208 0.4320653177768519 0.03554690089062499 0.0558081214537037
3 0.4005303820085937 0.41864273354722226 0.007773231323437517 0.017256391948148136
3 0.40688480170624997 0.4194343111592593 0.013892187095833345 0.020106071351851856
3 0.3757953875473959 0.4216507284736111 0.01248754370520834 0.017889654037962964
3 0.6554909359635417 0.437416199337963 0.04338712662500003 0.048367723724074045
8 0.17848865443229167 0.4298036080861111 0.004897886476041672 0.028338478520370393
1 0.14974001997213543 0.4395887738981482 0.005877463771354178 0.03118815792407406
0 0.47048476745520834 0.4358203515370371 0.07909632392812499 0.020613817987037025
1 0.7738460431536458 0.3917730452333334 0.003738555161458379 0.021983982475925895
3 0.5167083972367188 0.41629100936527785 0.011843980026562543 0.015831552245370358
