1 0.022525 0.418883 0.007301 0.019468
3 0.479701 0.598291 0.219017 0.311491
1 0.576675 0.393926 0.004434 0.03174
1 0.560947 0.395876 0.004793 0.021089
1 0.565022 0.396834 0.004074 0.020024
1 0.016159 0.420228 0.010417 0.021842
1 0.51815 0.469381 0.02117 0.139408
1 0.711176 0.458279 0.022756 0.118312
4 0.447262 0.403345 0.01461 0.027034
3 0.275748 0.444904 0.061183 0.069969
3 0.592354 0.39289 0.015386 0.024796
3 0.604576 0.393274 0.020562 0.029653
3 0.46071 0.515893 0.133959 0.186245
3 0.217616 0.516619 0.16066 0.208927
1 0.688737 0.407271 0.00742 0.042332
1 0.399501 0.427427 0.006902 0.04632
1 0.809928 0.433853 0.031343 0.115258
1 0.439727 0.449166 0.017294 0.101243
5 0.510014 0.406884 0.095832 0.18136
0 0.408629 0.409421 0.014679 0.016509
0 0.576537 0.394296 0.020274 0.021984
1 0.39297 0.429361 0.007309 0.042179
3 0.598105 0.394807 0.015673 0.027608
1 0.527095 0.446058 0.016995 0.102303
3 0.611492 0.395421 0.022086 0.029448
1 0.388832 0.428807 0.006327 0.042945
3 0.361491 0.481697 0.127089 0.138921
