3 0.948211 0.480096 0.10251 0.133069
0 0.723828 0.403491 0.038642 0.020355
8 0.646343 0.417034 0.007937 0.037423
8 0.635386 0.41458 0.009145 0.037423
3 0.72216 0.428077 0.07247 0.070675
3 0.486669 0.627203 0.332652 0.507734
3 0.716466 0.455869 0.086756 0.09681
4 0.823647 0.389638 0.182904 0.238147
4 0.548804 0.413913 0.161436 0.233567
7 0.341069 0.410386 0.10043 0.079354
3 0.682509 0.442985 0.070192 0.088712
3 0.255415 0.437365 0.09243 0.059632
3 0.781761 0.465886 0.111728 0.147976
8 0.065687 0.445937 0.041146 0.081491
4 0.239884 0.423432 0.045193 0.082707
3 0.029455 0.437076 0.056749 0.050271
0 0.087786 0.411465 0.009704 0.011712
3 0.168085 0.437288 0.080205 0.048236
0 0.014856 0.444784 0.029687 0.041981
0 0.942597 0.432205 0.05516 0.051069
3 0.093314 0.438191 0.07454 0.045055
3 0.281303 0.428211 0.103383 0.060389
