3 0.5722038474557292 0.41261563031435183 0.009731746661458374 0.014724155704629625
1 0.9130892390390625 0.4120779032833334 0.010559980421875063 0.05558368778703703
2 0.561238766140625 0.41455169125092595 0.005176460989583376 0.015828467383333326
0 0.04198226078039089 0.43254672060972227 0.08307420817046823 0.029509574267592598
5 0.5853542092760415 0.4040606675967593 0.020718061447916724 0.044614191786111076
1 0.6040164894479166 0.42354072559444444 0.00894492459375004 0.029153828296296282
5 0.6994444257552083 0.4078783743930556 0.06783234481250003 0.12059083522500003
0 0.6064928028880208 0.40277762285694446 0.04006146584895838 0.05447937610833333
1 0.920236193171875 0.408330297925463 0.009839417052083257 0.05353703014351852
3 0.2785882068692709 0.44991657667824075 0.04900383070625001 0.052454804699074015
3 0.6375841817109376 0.49259067442870375 0.13199607789062498 0.14753933837592595
1 0.26064314210364586 0.43749307030185186 0.00793724018437502 0.03374285682407411
5 0.7862946741328125 0.41136799929537043 0.1180730045989583 0.17619513682962967
3 0.21810988763541664 0.4474240225199074 0.0457254054125 0.0515227656435185
7 0.8286049173854166 0.4726598069787037 0.11764364821875001 0.2053277623407407
5 0.6518509299765626 0.40136909193379633 0.055701080651041575 0.08332694196574077
6 0.5653048435807293 0.4173124077319444 0.009441864848958304 0.02252795822870371
5 0.8691357017135416 0.44270267473425934 0.12666013220833344 0.15202396282407413
0 0.5481558150989583 0.4077573395245371 0.04534579827083327 0.021718129665740726
5 0.11978309896067708 0.4369540876740741 0.07565644193072917 0.10075563059074079
