1 0.3522572992776042 0.415455684087963 0.004888879823958329 0.017299369801851847
3 0.5274979925520834 0.4120054175384259 0.013180803447916686 0.020237193171296304
0 0.02267784834336979 0.42165242165231487 0.04428732061836459 0.14434947768240744
1 0.5216873615190104 0.2723816971847222 0.005292292295312488 0.02256854386203705
1 0.9455415521744792 0.47030877496157414 0.028877942098958324 0.08151290747314817
3 0.30544704861093747 0.5510138784675926 0.1900918699 0.2857591299666667
4 0.6410517589869792 0.3990568825171296 0.23999274139062501 0.2936669203675926
3 0.5158866268911458 0.4235376012388889 0.020250507113541674 0.03919624782592592
3 0.5074673048119791 0.4300428150305556 0.027032629615624987 0.048313635907407386
3 0.45586479866276036 0.4260913424444445 0.025918931288020808 0.04245571236111111
0 0.14022080353229166 0.41486613629861113 0.08247827844166668 0.023006493289814817
7 0.4806730316700521 0.4369619820990741 0.05227380801510417 0.08067610313333333
