3 0.8170706771484375 0.4049837714342593 0.028884799765625028 0.015767451787037076
3 0.3649324551890624 0.41989759535046295 0.016029446648958334 0.01899786269537037
3 0.543807988690104 0.41503983319675924 0.008487071026041685 0.014652125002777808
3 0.51556517899375 0.4203473493879629 0.013251009231250006 0.01956779857592592
8 0.5395344815523437 0.4517209294356481 0.06065284417656246 0.10154189213611108
8 0.3448430665713541 0.46591100498287036 0.07430864563958336 0.13742666880277776
3 0.4655250473328125 0.44701741416944446 0.10348753054375 0.07144892780925927
3 0.28615194560260415 0.430149467987963 0.025852291556249973 0.038573260416666665
3 0.31446636016380214 0.4235838066402778 0.024005699301562503 0.03146046062314817
3 0.4159076007567708 0.41387614335370376 0.008549038212499955 0.01361513493148147
3 0.2534740601135417 0.4343501101268519 0.04655307516874997 0.06926772721666666
3 0.3965951492570312 0.41480197252870377 0.010994411495312485 0.01690809779814815
8 0.8740785378046875 0.4355739515328704 0.010686297765625003 0.05351064659166664
3 0.09859335608046875 0.44395535086250004 0.03600854895260417 0.050063167775000014
1 0.533066992296875 0.4114863945694445 0.004096414145833371 0.022164173144444462
4 0.518155537571875 0.4071027994310185 0.010002374710416657 0.024621230052777797
1 0.5133137247984374 0.4336211834708334 0.009633969064583366 0.06109502106759263
1 0.9814331847526041 0.4335181839916667 0.01279736189062497 0.048313635907407386
7 0.21198096380729167 0.42867410858564814 0.043875031955208324 0.057121253723148184
3 0.6220688871979165 0.4410488958245371 0.10593653548958326 0.08736006362500004
3 0.5694059648619791 0.4379795108976852 0.055269532046875014 0.054713844562037074
8 0.8468730047447917 0.43573226705555557 0.01006293039583331 0.05636032599629628
3 0.6670541120286458 0.4383611786407408 0.03868439791145827 0.05471384456296294
0 0.27780264711848957 0.4320141462069445 0.008976490123437545 0.038565661271296285
3 0.177318622903125 0.4575902937935185 0.165861284415625 0.11960471534814814
3 0.9450231923541668 0.43979988019768523 0.07862418526041673 0.05923448103796295
3 0.4193806475307292 0.41435108992083336 0.010151982878125014 0.0151982901564815
0 0.4985982508835937 0.408646438425 0.02181341725260412 0.017258967496296303
7 0.08829429554947917 0.43434541120370374 0.037227299840625 0.05615172439814815
1 0.9659750376875 0.42275398637361117 0.006037885718750028 0.03963170313981482
3 0.30177103841770836 0.425498791199537 0.025082878116666645 0.04076181419907406
3 0.5296176605546875 0.41759265929675926 0.012289242432291658 0.01823794818796295
0 0.4320623947861979 0.40998869997314813 0.007888511153645795 0.010296115824074074
3 0.4719216689770833 0.6555053434472223 0.29456499442083334 0.4027546891407407
0 0.8277069216432291 0.3997767586824075 0.01877265945312511 0.012071308207407426
