2 0.8717894452473959 0.4325499833032408 0.013979763671875034 0.048171695945370366
4 0.5566665126380208 0.4072733861425926 0.02703904907812505 0.04372271765740744
1 0.16225289391927084 0.42242349968657406 0.007662981568749997 0.03571455673981484
4 0.42328561088359373 0.4103017116513889 0.007134180352604129 0.022091478395370352
7 0.5828621735026043 0.4236527855180556 0.023472195796875064 0.04019421763611109
1 0.6437748177291667 0.4980055567037038 0.044835450697916696 0.18415173619629635
3 0.13369238309505208 0.43830468187870375 0.054211107265104155 0.06652725988333333
0 0.501944487540625 0.4089762229476852 0.015980216128125 0.016789523580555545
1 0.9663305761484374 0.42675121416805556 0.008150067984374943 0.04645006066944443
4 0.3896746831716146 0.40668635940000003 0.022436657745312515 0.028125724809259237
8 0.8003349553020832 0.4143221181018519 0.010182790822916725 0.04541026114629627
3 0.3708355595356771 0.41992375860416664 0.01782716390052084 0.025142693389814813
3 0.27998154205989584 0.4311041081509259 0.027338204514583353 0.03792370457962959
1 0.9762185262760416 0.42323549856620374 0.010187584979166667 0.04154936619537034
0 0.3513730094208333 0.42664940566388887 0.006461757430208337 0.026509774074074087
0 0.6681164560052083 0.41565338839398147 0.01768624171875004 0.023262120991666666
0 0.9373993317604167 0.43119866345462965 0.007247045385416703 0.0306753243851852
3 0.3533555849518229 0.4236516955833334 0.01898486424635415 0.024801775512962997
1 0.6822356814166666 0.41540553193055557 0.006112550989583336 0.027486503790740725
4 0.5257902197851563 0.4067957601976852 0.03330290367968752 0.0662744351861111
4 0.31048697669739583 0.41038471483796296 0.040270924158333325 0.056762826433333344
4 0.2316720744752604 0.4096065711486111 0.07207344826510415 0.08836591358240738
3 0.4059394359216146 0.41925759140601854 0.016003213313020837 0.021406193560185183
3 0.2531611065700521 0.43423373425694445 0.04784185790052084 0.06995634825277774
1 0.9464348219505208 0.4141798674726852 0.00527357340104165 0.032813345610185146
3 0.8165592070390626 0.4073238753439815 0.031066141494791685 0.019943695773148168
3 0.47280188679036456 0.6602548091212963 0.29494181834635413 0.4046544754111111
1 0.3783202814692708 0.41530595243194446 0.006040638623958354 0.034006558178703704
2 0.7877359090286459 0.41907792247824077 0.009837611473958318 0.032216739326851866
3 0.38539226453932296 0.4185502175259259 0.014282594629687513 0.02219517425000001
3 0.4898852496408854 0.41148435132037037 0.005965099715104157 0.010446343779629629
8 0.8258782271953126 0.4195381616115741 0.00880207342187506 0.041728348080555595
