6 0.6462633122213541 0.4243112276263889 0.011314940171875065 0.03354945235833334
0 0.7779810083723959 0.41307377051018523 0.17084805968229175 0.034984593955555525
3 0.8841630574427083 0.40711979015046296 0.03769255952083341 0.034857393610185215
6 0.6362918022499999 0.42517902123240736 0.008628079770833234 0.029597974042592585
3 0.5774142220468749 0.41871064787824075 0.017494520937500015 0.023006493289814817
0 0.40547862634583337 0.40653564886527777 0.023205128205208383 0.021880341880555546
3 0.30759798530442706 0.4403237965708333 0.04024216524218751 0.046278844865740715
3 0.14089292064765627 0.46341667298518524 0.10594894670885416 0.12268449128148153
3 0.4953282481414062 0.5502911208125001 0.21837737371718746 0.353212804637963
3 0.1370269605975625 0.6472021640333333 0.27298554512675005 0.4133473963611111
3 0.6706351325208333 0.4241116961199074 0.03053774929166669 0.03430764030833334
3 0.7365387114765625 0.4255638723712963 0.05963283060937504 0.04240889234814815
3 0.6103046154427083 0.4195415117615741 0.01797382288541674 0.02467517412870374
1 0.8004245613828125 0.4225810623263889 0.010111353796875023 0.05595179167870368
3 0.3509811548770833 0.4313052469875 0.03997507122499998 0.047167837923148194
1 0.7863273326197917 0.4238694259509259 0.011388214177083356 0.060737142283333344
7 0.22166352632786457 0.4512229437310185 0.07803751394843748 0.1080918080898148
3 0.9197810708072917 0.40356656507546296 0.033957584093750035 0.032393142550925964
3 0.8696831211848958 0.5952378408847223 0.2606337576302084 0.35096950893055556
0 0.028981555674148438 0.42781054473009267 0.05581632944649478 0.0610640185398148
3 0.5910743274401041 0.4187342874861111 0.02180823843229168 0.02177563398888888
