0 0.4646803453015625 0.4085218613194445 0.012423506376041674 0.013803895974074115
3 0.847984514578125 0.43939739305740744 0.06783234481249992 0.05874938126296299
0 0.6718769754635417 0.4022466576625 0.02559242313541657 0.01325174013425928
3 0.7327778319531251 0.41091406211157405 0.044931681395833326 0.03099293573055559
7 0.45021980109140625 0.42778541474768517 0.02300649328906251 0.04268982643611113
3 0.8096774570677084 0.40339955905416675 0.03223305569791665 0.028545093525000006
3 0.43193162982786454 0.43977224551527777 0.03474939090572917 0.046012986578703716
3 0.5000865324861978 0.467193669275 0.09069159654843748 0.14311879345370374
3 0.7488155946640624 0.5274140804837962 0.18762873821354173 0.2183038662805556
3 0.9526155657916666 0.41736031320787037 0.07511510872916674 0.05470318327499997
3 0.8164444292708334 0.4084342877111111 0.04727834370833328 0.037423895750000026
3 0.8809001228307293 0.40847666607731486 0.05514700101562499 0.04019694507499999
3 0.82430190003125 0.4064319236893519 0.04677370745833341 0.04081511730648152
3 0.34551521840833327 0.4407168782069445 0.03847836002604167 0.05552233713796297
3 0.4638579384760417 0.4241817742092593 0.011483275730208338 0.018639520025925917
3 0.18473734930598956 0.4617335000138889 0.06655023895572916 0.09083272757777776
7 0.5466357281171875 0.4323719304189815 0.030851707505208263 0.05227075275277776
3 0.13782051282047916 0.5978584482314815 0.27457264957258337 0.3164570705296296
