0 0.578049 0.416701 0.012731 0.020576
3 0.670778 0.424902 0.032678 0.035169
3 0.593305 0.419082 0.014512 0.020734
1 0.629813 0.415222 0.006143 0.026274
1 0.62327 0.419575 0.005164 0.017885
3 0.138358 0.645366 0.274045 0.415215
3 0.381612 0.426927 0.02021 0.029123
0 0.127141 0.427204 0.126852 0.052252
3 0.495265 0.550551 0.220514 0.358602
3 0.698584 0.416929 0.017201 0.02982
3 0.610095 0.419502 0.01932 0.025958
6 0.637567 0.425184 0.009882 0.032605
3 0.712313 0.416454 0.021795 0.033048
6 0.645936 0.425281 0.014334 0.034628
1 0.716338 0.410696 0.006197 0.026211
5 0.027951 0.429103 0.054834 0.066041
3 0.830191 0.566561 0.244912 0.300252
3 0.883793 0.411249 0.046732 0.035149
3 0.735542 0.426217 0.06083 0.043409
3 0.587786 0.417579 0.014334 0.021209
1 0.806712 0.415432 0.011024 0.047291
0 0.785747 0.410938 0.155963 0.033703
0 0.915195 0.402453 0.017375 0.033232
0 0.38925 0.412425 0.016738 0.013137
4 0.397396 0.412741 0.022703 0.038145
1 0.720633 0.41514 0.010299 0.0351
3 0.310086 0.442503 0.056937 0.074828
3 0.286886 0.443916 0.042131 0.052617
7 0.218995 0.455849 0.075413 0.119165
1 0.795688 0.417882 0.010784 0.056025
