3 0.090812 0.654321 0.179487 0.605888
4 0.430338 0.380357 0.010018 0.012721
5 0.254506 0.39373 0.022362 0.04086
5 0.30596 0.388392 0.020499 0.030185
5 0.27866 0.393933 0.02061 0.034297
3 0.539685 0.411125 0.027539 0.045645
3 0.460535 0.3878 0.008282 0.009816
3 0.565899 0.422758 0.038761 0.06405
3 0.501793 0.452438 0.067981 0.094352
5 0.176175 0.409236 0.031346 0.035277
1 0.490872 0.390657 0.003624 0.012577
3 0.2074 0.419612 0.030438 0.024784
3 0.119431 0.418016 0.020085 0.025031
3 0.297056 0.407956 0.020913 0.022086
3 0.200878 0.410165 0.016565 0.016933
3 0.440329 0.424642 0.035531 0.051682
3 0.388146 0.443685 0.062325 0.083404
0 0.543826 0.420512 0.020499 0.048958
0 0.79773 0.391006 0.039071 0.017556
3 0.141276 0.415807 0.018635 0.027976
6 0.128761 0.419829 0.015529 0.027608
0 0.318901 0.402987 0.027332 0.017301
0 0.404284 0.389027 0.013804 0.01227
0 0.439397 0.387038 0.032267 0.008273
4 0.464331 0.382125 0.015529 0.019325
0 0.359343 0.390242 0.022168 0.012568
3 0.469248 0.38688 0.00811 0.01227
0 0.442575 0.399848 0.038513 0.023352
0 0.48879 0.428148 0.046961 0.079952
1 0.484488 0.390044 0.004314 0.015031
3 0.340642 0.402803 0.020706 0.024295
3 0.419209 0.429943 0.038513 0.059633
3 0.222101 0.407588 0.019671 0.025767
1 0.497191 0.390246 0.005218 0.018111
0 0.380013 0.391094 0.011503 0.009586
7 0.597802 0.435908 0.067981 0.107939
0 0.52633 0.400266 0.010353 0.034234
3 0.261649 0.411085 0.023398 0.025399
0 0.669567 0.389098 0.029196 0.013739
