3 0.9875790455026042 0.40772133148518525 0.024412552609375027 0.028574979198148175
8 0.3623532906421875 0.4364554388990741 0.048087914600000004 0.07404012247962963
0 0.3465028614164062 0.4209068521074074 0.013141025641145809 0.027540360874074094
4 0.2107132310268229 0.4162426070712963 0.047702991452604177 0.07119924026666667
7 0.36855717356145834 0.41505313716250003 0.01780626780625004 0.03149730927500003
3 0.4873940279768229 0.6257323000648148 0.3297411203171875 0.5059178768740741
4 0.55047348994375 0.40552302390694445 0.15626418837291667 0.21461045906388884
3 0.28827923042734377 0.42417209582037035 0.02751068376093748 0.03877809433333334
3 0.27055987145286453 0.43199201351574074 0.06998803418802083 0.04637416904074072
3 0.24531921867499998 0.4343484509703704 0.07666666666666666 0.048583475783333295
3 0.3301177962393229 0.42789538952083334 0.029856931281770825 0.03767014878055556
3 0.955083208578125 0.5232668566 0.0887652067708333 0.21082621082592592
3 0.30497337618229164 0.42498054305046296 0.023789173789583333 0.03640392529351852
4 0.8237814919609375 0.38489726455925927 0.1802137270260417 0.22431220525740736
3 0.009348690177622916 0.4491794568300926 0.017903567993399996 0.030389363723148117
0 0.6335762597473957 0.45233983880694445 0.01157801774479168 0.07797837877314817
7 0.03675896706916667 0.43800661411574077 0.05140409278875001 0.03743037165185183
7 0.6780696349791666 0.442315933312037 0.0613506487708334 0.0862558878333333
3 0.9481411324739584 0.47284782183055557 0.09555652897916668 0.1178136958574074
3 0.6541813736093751 0.4301797799685185 0.048888798239583406 0.050060425212962945
6 0.10147432455546876 0.4406311721476852 0.04827369407864584 0.05639431163611111
3 0.7106567989583332 0.4564239410435186 0.07311693632291671 0.09530414282222227
3 0.9413721075807292 0.4483537629115741 0.08624567483854169 0.0809098245657408
3 0.7816911218281251 0.4651764518939815 0.11102151440624995 0.1459711078157408
