3 0.670754929265625 0.48590467712870367 0.11615978461458336 0.1476096609425926
0 0.7499933794869792 0.39777770918796296 0.0538338461510417 0.021661538461111088
3 0.4800420586333333 0.4370944726490741 0.03312935033645831 0.053068311187037046
0 0.5429796799739584 0.4194664522050926 0.021913684854166605 0.024985878958333346
1 0.3018417471875 0.434023836125 0.010510734367708352 0.05700497781666664
3 0.5096064807723959 0.4539712227189815 0.0805457330072917 0.11190358335833332
1 0.8570434461536457 0.4328031928263889 0.013107692307291667 0.06859487179537038
3 0.785053046953125 0.40497050494953707 0.02708055981250001 0.025136724149074096
1 0.5884635970885417 0.423974459174537 0.00629083801041664 0.02982323204166664
3 0.5640140055338542 0.4417093411615741 0.043482272317708376 0.06687220716018513
5 0.44900019912890626 0.40556667125185186 0.03666659867968752 0.09074783464074075
1 0.7321642030911457 0.4232263496689815 0.012721553255208443 0.04390707656759261
3 0.34080198429348957 0.442970805737963 0.10165994222135417 0.06160627647407409
7 0.4430328899320312 0.43432478786296297 0.046875730076562525 0.08946969612407406
