7 0.367982 0.429065 0.02464 0.043436
3 0.93199 0.448657 0.071261 0.068379
3 0.305779 0.442349 0.028574 0.044172
3 0.328969 0.44511 0.040169 0.043804
3 0.276965 0.449771 0.0528 0.065154
3 0.342721 0.440108 0.022983 0.030921
4 0.184139 0.423465 0.06977 0.07262
4 0.059136 0.432551 0.115068 0.154187
7 0.39844 0.460904 0.069556 0.135562
7 0.477315 0.428867 0.022569 0.040123
3 0.552766 0.438664 0.033543 0.042406
3 0.455974 0.544265 0.149127 0.208399
1 0.714881 0.408472 0.003294 0.017885
1 0.729817 0.40709 0.003882 0.025307
3 0.757793 0.436182 0.028471 0.038855
1 0.761874 0.435992 0.011647 0.048058
3 0.82864 0.438945 0.049694 0.051903
4 0.263003 0.418695 0.053371 0.062018
0 0.56663 0.413917 0.008747 0.015764
3 0.24249 0.449955 0.032715 0.044909
3 0.533816 0.425166 0.016392 0.026994
7 0.176728 0.448041 0.045967 0.067584
3 0.511288 0.458647 0.060147 0.102282
4 0.230056 0.42214 0.051881 0.059368
1 0.621963 0.425573 0.004487 0.019753
4 0.322467 0.417772 0.029402 0.039019
1 0.726006 0.407729 0.004026 0.019428
4 0.117946 0.4232 0.086468 0.096473
4 0.296547 0.4179 0.045917 0.044526
3 0.740881 0.432669 0.024588 0.036299
3 0.206315 0.505459 0.105622 0.15495
3 0.78112 0.436184 0.034579 0.044909
