8 0.19802725201406252 0.4664394410078704 0.01316891675833333 0.06758387468611113
3 0.9586004273515625 0.5156695156694444 0.08279914529687496 0.18043684710370367
1 0.3986889665549479 0.42730796561435186 0.005591856007812505 0.023787577937963007
0 0.4657488220841146 0.4192267004263889 0.04299338433385416 0.009969480425000022
5 0.48668616888333327 0.41524657708749996 0.009705864356249982 0.022367424030555583
0 0.3793931010989583 0.4279689052421296 0.00330718341041667 0.011758874347222243
3 0.49896236979531244 0.423833679699537 0.008587493155208332 0.01349146211388888
5 0.5149391012471354 0.41304051000879627 0.014235267724479132 0.040133549404629584
3 0.45540702343697914 0.5104719906671297 0.11283485675833328 0.1767803336731482
3 0.537879170916927 0.4536043118361111 0.05080717167656245 0.0667887702777778
3 0.5011591703697917 0.421348410362963 0.008787202297916666 0.014556577544444409
