3 0.125349 0.438621 0.073713 0.057424
3 0.352297 0.422721 0.009972 0.014878
1 0.200076 0.431458 0.012941 0.049387
3 0.032051 0.440646 0.063034 0.064577
3 0.071483 0.431742 0.051738 0.053375
3 0.164303 0.441059 0.118348 0.0667
3 0.970148 0.423963 0.056499 0.066259
3 0.439642 0.428557 0.030436 0.043031
3 0.318367 0.434669 0.021261 0.032099
1 0.341973 0.42053 0.002137 0.01013
3 0.230713 0.43481 0.066196 0.05246
3 0.252646 0.43481 0.093578 0.055296
3 0.345308 0.420822 0.006143 0.009497
3 0.327768 0.428211 0.013568 0.019563
3 0.602714 0.430477 0.098008 0.061964
0 0.42018 0.409124 0.008488 0.007988
3 0.39675 0.431726 0.031055 0.039409
3 0.535248 0.421742 0.011983 0.015089
8 0.359632 0.434544 0.025762 0.043244
3 0.307153 0.433502 0.024964 0.038699
3 0.524863 0.42041 0.009386 0.015622
3 0.366586 0.42003 0.009526 0.014562
5 0.556065 0.420297 0.024301 0.039111
6 0.682913 0.430277 0.014667 0.028119
6 0.748966 0.428158 0.021688 0.038557
5 0.376587 0.411004 0.011503 0.03238
3 0.928089 0.431834 0.098974 0.078774
3 0.840329 0.428274 0.122372 0.0854
