0 0.360177 0.470585 0.020871 0.033129
3 0.987167 0.452661 0.024599 0.091437
3 0.528815 0.418873 0.017773 0.016871
3 0.588426 0.420381 0.015702 0.016871
3 0.600763 0.420074 0.01829 0.018712
7 0.101353 0.483844 0.144264 0.183955
3 0.662046 0.42187 0.022719 0.028886
2 0.645006 0.450884 0.011359 0.046524
1 0.695764 0.446538 0.009346 0.043968
3 0.679893 0.42099 0.024102 0.031362
0 0.634941 0.416374 0.040405 0.016871
3 0.72616 0.427457 0.026889 0.032209
4 0.282541 0.4376 0.073706 0.112587
3 0.79071 0.431441 0.05193 0.060958
0 0.707871 0.41369 0.04262 0.026074
3 0.882685 0.440734 0.063608 0.065817
7 0.749381 0.430152 0.039341 0.051903
3 0.942069 0.448023 0.074044 0.083044
3 0.834565 0.434533 0.053173 0.066259
0 0.50069 0.418413 0.023639 0.011043
0 0.971016 0.418869 0.038016 0.038872
