5 0.37632579442291664 0.4256927925291667 0.038768244651041665 0.05563071041388894
3 0.38460955278906256 0.4384467648546297 0.02616589515 0.034175863053703716
3 0.42244866177343743 0.43393613562638894 0.028390886234374985 0.041928720875000006
0 0.40731872240104167 0.4288730448037037 0.006852972539583332 0.009967960057407398
3 0.5099220036864583 0.5874884059384259 0.2227566305333333 0.3104608182083333
3 0.4748688063416666 0.48433701698472226 0.11052984348333332 0.13581907166944446
1 0.5924705075078125 0.43313580881111113 0.005873976463541671 0.033542976700000005
3 0.5908685139270833 0.43123714975277777 0.011035955781250096 0.015505715644444409
3 0.6010144732708333 0.43590469022638884 0.013527945791666695 0.02009414170277779
3 0.7048281444036457 0.4876211533689815 0.15786507952604165 0.2254406961138889
2 0.6199650726380208 0.4298944648898148 0.03604821472395834 0.058762981257407365
3 0.3738364321541667 0.4384870843310185 0.02794932637604166 0.03655594433981485
6 0.5777939679192707 0.43312922449814817 0.007653969328125025 0.01803726105555554
3 0.8410938621901041 0.5455324146851852 0.2625731276718749 0.3567420148351852
4 0.9352203211718749 0.4125804174023148 0.12857044775 0.117751310575
1 0.9632105864583332 0.4311180248777778 0.015648045260416764 0.0914044548333334
0 0.9768600747395834 0.8287646790388888 0.044855820260416596 0.332265335237037
0 0.9749020825859375 0.5011668806527778 0.0474664764635417 0.22282873672777778
4 0.19156678249244793 0.4025596708458797 0.38313356498489587 0.6266453901915741
6 0.5416914027864583 0.43574314893287036 0.031047708843750084 0.07322659626388892
4 0.5372750414513021 0.41141726230138886 0.04371338930572914 0.06435649074351851
0 0.4751244432106771 0.44448713359675923 0.11037220827656248 0.05763881987685183
3 0.39773700018567704 0.44050364550138893 0.0214489140515625 0.029112772230555535
