0 0.3559971592981771 0.41986950571481485 0.01228632478593751 0.018518518518518517
3 0.2419612120131875 0.731244064575463 0.482854047958 0.5356125356083333
0 0.3859855177955729 0.42298547378425927 0.01068376068385414 0.007787274453703746
3 0.33467882197916665 0.4306737052689815 0.02307692307708334 0.022792022791666703
3 0.2913489516372396 0.43864187086342593 0.020250507114062503 0.028971139697222217
5 0.34374858379973955 0.4251142034037037 0.013532763532812513 0.027382082937037082
8 0.3707054465497396 0.4433412498402778 0.031274451815104125 0.06007251025462963
3 0.7224980392604167 0.42714227782731484 0.10684215483333333 0.08877224100833338
3 0.5748239208205729 0.44621218332453705 0.14833666612968746 0.09894632633796292
3 0.7230005346614584 0.45021272465046297 0.18038931258333335 0.10654399068240743
4 0.3032715874822917 0.42511490490185183 0.038104504510416665 0.05176460989999996
5 0.1622815259565104 0.42665495969907413 0.06874340194843749 0.10159667436481479
0 0.5225211699653646 0.41620740873333334 0.008483644402604185 0.009802040168518527
3 0.16677019445520833 0.4528610983685185 0.044310506075000006 0.044540571007407354
8 0.49866962279114585 0.4390600641435185 0.03285215404583332 0.06372940656481485
3 0.11365970469739584 0.463720163200463 0.11491743397916666 0.07141215516944444
3 0.8040342018020833 0.42696543482731486 0.1004578529479166 0.06503168769722223
3 0.22949956670494792 0.4642965197092593 0.15176555389114585 0.09223211133703707
