1 0.3097353643794271 0.42302593393796295 0.008814102564062468 0.038113327001851854
2 0.01642729229326302 0.4827696429722222 0.031363763821390625 0.12530256504999995
5 0.5137524595257812 0.39862106941898146 0.028311965813020853 0.06282342513425924
3 0.4863679865911459 0.42862410835555553 0.03596866096874998 0.05726495726481481
0 0.49962767869374997 0.4084534227092593 0.007122507122916666 0.021684077238888873
5 0.48182553644869786 0.39975231348333334 0.025462962963020825 0.05318138651481482
0 0.3905144167986979 0.41568550856990744 0.005965099715104157 0.01693573915833337
3 0.40092930283854167 0.4158437865060185 0.012371794871875015 0.01915163026203704
6 0.3664790673544271 0.4126398825314815 0.018993493120312503 0.03434631212407411
1 0.20693457434166665 0.4352950030004629 0.012701501503125013 0.060711579513888864
3 0.5289733339645832 0.41744333597314814 0.024633190883333295 0.04412155745555556
5 0.5767960378671875 0.39913658283703707 0.09263358444270828 0.15422334083148154
0 0.41299482990416664 0.41014578080787034 0.014601139601041643 0.01978474200648153
7 0.6619102364921874 0.4564246172638889 0.11300789503645833 0.17829684645370372
3 0.3967911262005208 0.41441928508101855 0.011396011395833364 0.021367521367592596
3 0.8393149419947917 0.43917672355555565 0.06546247293750002 0.08593905413148151
3 0.41877830568776037 0.41470418536620374 0.013532763532812513 0.019468186134259234
3 0.8889665447473959 0.442484644500926 0.0706481619322916 0.09586011696481483
1 0.2568626653919271 0.4404075570648148 0.009747416718229178 0.0270539319240741
