1 0.389561 0.426814 0.005871 0.02535
0 0.394804 0.416413 0.00935 0.008737
3 0.343509 0.428337 0.017773 0.032823
5 0.371381 0.409571 0.040837 0.0409
4 0.187747 0.420764 0.11232 0.109915
0 0.399887 0.407671 0.015708 0.025778
5 0.237126 0.423625 0.057273 0.081631
3 0.490792 0.421337 0.015218 0.021941
3 0.600396 0.442767 0.038761 0.058308
3 0.337469 0.431558 0.023984 0.027608
0 0.560674 0.428805 0.010497 0.03451
3 0.508406 0.425491 0.023126 0.03664
7 0.414807 0.420179 0.011911 0.025471
4 0.541837 0.40567 0.026889 0.053682
3 0.32056 0.431405 0.023294 0.032209
3 0.572105 0.432256 0.025307 0.034765
3 0.612944 0.449393 0.043979 0.066259
7 0.581388 0.426644 0.031556 0.056982
3 0.309258 0.436926 0.023122 0.032823
5 0.379312 0.411877 0.027539 0.046782
3 0.927885 0.581197 0.143162 0.326686
5 0.664359 0.405373 0.111289 0.220746
1 0.38983 0.424937 0.004196 0.02195
5 0.273281 0.427348 0.037867 0.064138
3 0.103765 0.464272 0.062858 0.065033
3 0.298625 0.436359 0.024748 0.037635
4 0.535007 0.406182 0.021856 0.04499
5 0.034722 0.42735 0.068376 0.178538
4 0.549099 0.40567 0.028758 0.062373
3 0.631455 0.450939 0.05516 0.081719
